    0.    0.    0.    0.    0.    0.    0.    0.    0.    0.    0.    0.    0.    0.    0.    0.    0.    0.    0.    0.    0.    0.    0.    0.    0.    0.    0.    0.    0.    0.    0.    0.    0.    0.    0.    0.    0.    0.    0.    0.    0.    0.    0.    0.    0.    0.    0.    0.    0.    0.    0.    0.    0.    0.    0.    0.    0.    0.    0.    0.    0.    0.    0. 2060. 2050.    0.    0.    0.    0.    0.    0.    0.    0.    0.    0.    0.    0.    0.    0.    0.    0. 
    0.    0.    0.    0.    0.    0.    0.    0.    0.    0.    0.    0.    0.    0.    0.    0.    0.    0.    0.    0.    0.    0.    0.    0.    0.    0.    0.    0.    0.    0.    0.    0.    0.    0.    0.    0.    0.    0.    0.    0.    0.    0.    0.    0.    0.    0.    0.    0.    0.    0.    0.    0.    0.    0.    0.    0.    0.    0.    0.    0.    0.    0. 2070. 2060. 2030.    0.    0.    0.    0.    0.    0.    0.    0.    0.    0.    0.    0.    0.    0.    0.    0. 
    0.    0.    0.    0.    0.    0.    0.    0.    0.    0.    0.    0.    0.    0.    0.    0.    0.    0.    0.    0.    0.    0.    0.    0.    0.    0.    0.    0.    0.    0.    0.    0.    0.    0.    0.    0.    0.    0.    0.    0.    0.    0.    0.    0.    0.    0.    0.    0.    0.    0.    0.    0.    0.    0.    0.    0.    0.    0.    0.    0.    0.    0. 2060. 2040. 2020.    0.    0.    0.    0.    0.    0.    0.    0.    0.    0.    0.    0.    0.    0.    0.    0. 
    0.    0.    0.    0.    0.    0.    0.    0.    0.    0.    0.    0.    0.    0.    0.    0.    0.    0.    0.    0.    0.    0.    0.    0.    0.    0.    0.    0.    0.    0.    0.    0.    0.    0.    0.    0.    0.    0.    0.    0.    0.    0.    0.    0.    0.    0.    0.    0.    0.    0.    0.    0.    0.    0.    0.    0.    0.    0.    0.    0.    0. 2060. 2050. 2030. 2020.    0.    0.    0.    0.    0.    0.    0.    0.    0.    0.    0.    0.    0.    0.    0.    0. 
    0.    0.    0.    0.    0.    0.    0.    0.    0.    0.    0.    0.    0.    0.    0.    0.    0.    0.    0.    0.    0.    0.    0.    0.    0.    0.    0.    0.    0.    0.    0.    0.    0.    0.    0.    0.    0.    0.    0.    0.    0.    0.    0.    0.    0.    0.    0.    0.    0.    0.    0.    0.    0.    0.    0.    0.    0.    0.    0.    0.    0. 2050. 2040. 2020. 2020. 2020.    0.    0.    0.    0.    0.    0.    0.    0.    0.    0.    0.    0.    0.    0.    0. 
    0.    0.    0.    0.    0.    0.    0.    0.    0.    0.    0.    0.    0.    0.    0.    0.    0.    0.    0.    0.    0.    0.    0.    0.    0.    0.    0.    0.    0.    0.    0.    0.    0.    0.    0.    0.    0.    0.    0.    0.    0.    0.    0.    0.    0.    0.    0.    0.    0.    0.    0.    0.    0.    0.    0.    0.    0.    0.    0.    0.    0. 2050. 2030. 2020. 2020. 2020. 2010.    0.    0.    0.    0.    0.    0.    0.    0.    0.    0.    0.    0.    0.    0. 
    0.    0.    0.    0.    0.    0.    0.    0.    0.    0.    0.    0.    0.    0.    0.    0.    0.    0.    0.    0.    0.    0.    0.    0.    0.    0.    0.    0.    0.    0.    0.    0.    0.    0.    0.    0.    0.    0.    0.    0.    0.    0.    0.    0.    0.    0.    0.    0.    0.    0.    0.    0.    0.    0.    0.    0.    0.    0.    0.    0. 2060. 2050. 2030. 2020. 2020. 2010. 2010. 2010.    0.    0.    0.    0.    0.    0.    0.    0.    0.    0.    0.    0.    0. 
    0.    0.    0.    0.    0.    0.    0.    0.    0.    0.    0.    0.    0.    0.    0.    0.    0.    0.    0.    0.    0.    0.    0.    0.    0.    0.    0.    0.    0.    0.    0.    0.    0.    0.    0.    0.    0.    0.    0.    0.    0.    0.    0.    0.    0.    0.    0.    0.    0.    0.    0.    0.    0.    0.    0.    0.    0.    0.    0.    0. 2060. 2050. 2040. 2030. 2010. 2010. 2010. 2010. 2020. 2020. 2020.    0.    0.    0.    0.    0.    0.    0.    0.    0.    0. 
    0.    0.    0.    0.    0.    0.    0.    0.    0.    0.    0.    0.    0.    0.    0.    0.    0.    0.    0.    0.    0.    0.    0.    0.    0.    0.    0.    0.    0.    0.    0.    0.    0.    0.    0.    0.    0.    0.    0.    0.    0.    0.    0.    0.    0.    0.    0.    0. 2090. 2090.    0.    0.    0.    0.    0.    0.    0.    0. 2050. 2050. 2050. 2040. 2040. 2030. 2010. 2010. 2010. 2010. 2020. 2020. 2020. 2020. 2020. 2020. 2020.    0.    0.    0.    0.    0.    0. 
    0.    0.    0.    0.    0.    0.    0.    0.    0.    0.    0.    0.    0.    0.    0.    0.    0.    0.    0.    0.    0.    0.    0.    0.    0.    0.    0.    0.    0.    0.    0.    0.    0.    0.    0.    0.    0.    0.    0.    0.    0.    0.    0.    0.    0.    0.    0. 2090. 2080. 2080. 2080. 2080. 2070.    0.    0.    0. 2050. 2050. 2050. 2050. 2040. 2040. 2030. 2020. 2010. 2000. 2010. 2010. 2020. 2020. 2020. 2020. 2020. 2020. 2020. 2020.    0.    0.    0.    0.    0. 
    0.    0.    0.    0.    0.    0.    0.    0.    0.    0.    0.    0.    0.    0.    0.    0.    0.    0.    0.    0.    0.    0.    0.    0.    0.    0.    0.    0.    0.    0.    0.    0.    0.    0.    0.    0.    0.    0.    0.    0.    0.    0.    0.    0.    0.    0. 2090. 2080. 2080. 2080. 2070. 2070. 2060. 2060. 2060. 2060. 2050. 2050. 2040. 2040. 2040. 2040. 2030. 2020. 2010. 2000. 2000. 2010. 2010. 2020. 2020. 2020. 2020. 2010. 2010. 2020.    0.    0.    0.    0.    0. 
    0.    0.    0.    0.    0.    0.    0.    0.    0.    0.    0.    0.    0.    0.    0.    0.    0.    0.    0.    0.    0.    0.    0.    0.    0.    0.    0.    0.    0.    0.    0.    0.    0.    0.    0.    0.    0.    0.    0.    0.    0.    0.    0.    0.    0.    0. 2090. 2080. 2070. 2070. 2060. 2050. 2050. 2060. 2060. 2060. 2050. 2050. 2040. 2040. 2030. 2030. 2030. 2020. 2010. 2000. 2000. 2000. 2010. 2010. 2020. 2020. 2010. 2010. 2010. 2010. 2010.    0.    0.    0.    0. 
    0.    0.    0.    0.    0.    0.    0.    0.    0.    0.    0.    0.    0.    0.    0.    0.    0.    0.    0.    0.    0.    0.    0.    0.    0.    0.    0.    0.    0.    0.    0.    0.    0.    0.    0.    0.    0.    0.    0.    0.    0.    0.    0.    0. 2110. 2100. 2090. 2080. 2070. 2060. 2050. 2040. 2040. 2050. 2050. 2050. 2050. 2040. 2040. 2030. 2030. 2030. 2020. 2020. 2010. 2000. 2000. 2000. 2000. 2010. 2010. 2010. 2010. 2000. 2000. 2010. 2010. 2020.    0.    0.    0. 
    0.    0.    0.    0.    0.    0.    0.    0.    0.    0.    0.    0.    0.    0.    0.    0.    0.    0.    0.    0.    0.    0.    0.    0.    0.    0.    0.    0.    0.    0.    0.    0.    0.    0.    0.    0.    0.    0.    0.    0.    0. 2130. 2130. 2120. 2110. 2090. 2080. 2070. 2060. 2050. 2050. 2040. 2030. 2040. 2040. 2050. 2040. 2040. 2030. 2030. 2030. 2020. 2020. 2010. 2010. 2000. 2000. 2000. 2000. 2000. 2000. 2000. 2000. 2000. 2000. 2010. 2010. 2020. 2030.    0.    0. 
    0.    0.    0.    0.    0.    0.    0.    0.    0.    0.    0.    0.    0.    0.    0.    0.    0.    0.    0.    0.    0.    0.    0.    0.    0.    0.    0.    0.    0.    0.    0.    0.    0.    0.    0.    0.    0.    0.    0.    0. 2140. 2130. 2120. 2110. 2100. 2090. 2080. 2070. 2060. 2050. 2050. 2040. 2030. 2030. 2030. 2030. 2040. 2030. 2030. 2030. 2020. 2020. 2020. 2010. 2010. 2000. 2000. 1990. 1990. 1990. 2000. 2000. 2000. 1990. 1990. 2000. 2010. 2020. 2020. 2030.    0. 
    0.    0.    0.    0.    0.    0.    0.    0.    0.    0.    0.    0.    0.    0.    0.    0.    0.    0.    0.    0.    0.    0.    0.    0.    0.    0.    0.    0.    0.    0.    0.    0.    0.    0.    0.    0.    0.    0.    0. 2140. 2130. 2130. 2120. 2110. 2100. 2090. 2080. 2070. 2060. 2050. 2050. 2040. 2030. 2020. 2020. 2020. 2030. 2030. 2020. 2020. 2020. 2010. 2010. 2010. 2010. 2000. 2000. 1990. 1990. 1990. 1990. 1990. 1990. 1990. 1990. 1990. 2010. 2020. 2020. 2030.    0. 
    0.    0.    0.    0.    0.    0.    0.    0.    0.    0.    0.    0.    0.    0.    0.    0.    0.    0.    0.    0.    0.    0.    0.    0.    0.    0.    0.    0.    0.    0.    0.    0.    0.    0.    0.    0.    0.    0.    0. 2140. 2130. 2130. 2120. 2110. 2100. 2090. 2080. 2070. 2060. 2050. 2050. 2040. 2030. 2020. 2000. 2000. 2020. 2020. 2020. 2010. 2010. 2010. 2010. 2000. 2000. 2000. 2000. 1990. 1990. 1990. 1990. 1990. 1980. 1980. 1980. 1990. 2000. 2020. 2020. 2020.    0. 
    0.    0.    0.    0.    0.    0.    0.    0.    0.    0.    0.    0.    0.    0.    0.    0.    0.    0.    0.    0.    0.    0.    0.    0.    0.    0.    0.    0.    0.    0.    0.    0.    0.    0.    0.    0.    0.    0.    0. 2140. 2130. 2130. 2120. 2110. 2090. 2080. 2070. 2060. 2050. 2050. 2040. 2040. 2030. 2020. 2000. 1990. 2010. 2010. 2010. 2010. 2000. 2000. 2000. 2000. 2000. 2000. 2000. 1990. 1980. 1990. 1990. 1990. 1980. 1970. 1970. 1980. 1990. 2010. 2010. 2020.    0. 
    0.    0.    0.    0.    0.    0.    0.    0.    0.    0.    0.    0.    0.    0.    0.    0.    0.    0.    0.    0.    0.    0.    0.    0.    0.    0.    0.    0.    0.    0.    0.    0.    0.    0. 2150. 2140. 2140. 2140. 2140. 2130. 2120. 2110. 2100. 2090. 2080. 2070. 2060. 2050. 2040. 2030. 2030. 2020. 2020. 2010. 1990. 1980. 2000. 2000. 2000. 2000. 2000. 2000. 2000. 2000. 2000. 2000. 1990. 1990. 1980. 1980. 1980. 1980. 1980. 1970. 1970. 1970. 1980. 1990. 2010. 2010. 2010. 
    0.    0.    0.    0.    0.    0.    0.    0.    0.    0.    0.    0.    0.    0.    0.    0.    0.    0.    0.    0.    0.    0.    0.    0.    0.    0.    0.    0.    0.    0.    0.    0. 2160. 2150. 2120. 2110. 2110. 2110. 2110. 2110. 2100. 2090. 2080. 2070. 2060. 2050. 2050. 2040. 2040. 2020. 2010. 2000. 2000. 1990. 1970. 1970. 1980. 1990. 1990. 1990. 1990. 1990. 1990. 2000. 2000. 2000. 1990. 1980. 1970. 1970. 1980. 1970. 1970. 1960. 1960. 1960. 1970. 1980. 2000. 2010. 2010. 
    0.    0.    0.    0.    0.    0.    0.    0.    0.    0.    0.    0.    0.    0.    0.    0.    0.    0.    0.    0.    0.    0.    0.    0.    0.    0.    0.    0.    0. 2180. 2170. 2160. 2140. 2120. 2090. 2090. 2090. 2090. 2090. 2090. 2080. 2070. 2060. 2050. 2040. 2040. 2030. 2020. 2020. 2010. 2000. 1980. 1970. 1960. 1960. 1960. 1970. 1980. 1980. 1980. 1980. 1990. 1990. 1990. 1990. 1990. 1980. 1980. 1970. 1960. 1960. 1960. 1960. 1960. 1960. 1960. 1960. 1970. 1990. 2000. 2000. 
    0.    0.    0.    0.    0.    0.    0.    0.    0.    0.    0.    0.    0.    0.    0.    0.    0.    0.    0.    0.    0.    0.    0.    0.    0.    0.    0. 2180. 2170. 2170. 2150. 2130. 2110. 2100. 2070. 2060. 2060. 2060. 2060. 2060. 2060. 2050. 2040. 2030. 2020. 2020. 2020. 2010. 2010. 2000. 2000. 1980. 1960. 1950. 1950. 1950. 1960. 1970. 1970. 1970. 1980. 1980. 1990. 1990. 1990. 1980. 1980. 1970. 1960. 1960. 1950. 1950. 1950. 1950. 1950. 1950. 1950. 1970. 1980. 1990. 2000. 
    0.    0.    0.    0.    0.    0.    0.    0.    0.    0.    0.    0.    0.    0.    0.    0.    0.    0.    0.    0.    0.    0.    0.    0. 2210. 2200. 2180. 2160. 2140. 2140. 2120. 2100. 2090. 2090. 2070. 2050. 2050. 2050. 2050. 2050. 2040. 2030. 2020. 2010. 2000. 2000. 2000. 1990. 1990. 1990. 1990. 1980. 1960. 1950. 1940. 1950. 1950. 1960. 1960. 1970. 1980. 1980. 1990. 1990. 1980. 1980. 1970. 1970. 1960. 1950. 1950. 1950. 1960. 1960. 1960. 1960. 1950. 1960. 1970. 1990. 1990. 
    0.    0.    0.    0.    0.    0.    0.    0.    0.    0.    0.    0.    0.    0.    0.    0.    0.    0.    0.    0.    0.    0. 2240. 2220. 2200. 2180. 2160. 2140. 2120. 2110. 2100. 2080. 2080. 2070. 2060. 2050. 2050. 2050. 2040. 2030. 2020. 2010. 2000. 1990. 1990. 1990. 1980. 1980. 1980. 1970. 1970. 1970. 1960. 1940. 1930. 1940. 1940. 1950. 1950. 1970. 1970. 1980. 1980. 1980. 1980. 1970. 1970. 1970. 1960. 1950. 1950. 1950. 1960. 1960. 1970. 1970. 1960. 1960. 1970. 1990. 2000. 
    0.    0.    0.    0.    0.    0.    0.    0.    0.    0.    0.    0.    0.    0.    0.    0.    0.    0.    0.    0. 2270. 2250. 2230. 2220. 2180. 2160. 2140. 2120. 2100. 2080. 2070. 2070. 2060. 2060. 2050. 2040. 2040. 2030. 2030. 2020. 2010. 2000. 1990. 1980. 1970. 1970. 1960. 1960. 1960. 1960. 1960. 1960. 1950. 1940. 1930. 1930. 1930. 1940. 1950. 1960. 1970. 1980. 1980. 1980. 1970. 1970. 1970. 1960. 1960. 1950. 1940. 1950. 1950. 1960. 1970. 1970. 1970. 1970. 1980. 2000.    0. 
    0.    0.    0.    0.    0.    0.    0.    0.    0.    0.    0.    0.    0.    0.    0.    0.    0.    0. 2280. 2270. 2260. 2240. 2230. 2210. 2170. 2150. 2130. 2110. 2080. 2070. 2060. 2050. 2050. 2040. 2040. 2030. 2030. 2020. 2010. 2000. 1990. 1980. 1970. 1960. 1960. 1950. 1950. 1950. 1950. 1950. 1960. 1960. 1950. 1940. 1930. 1920. 1920. 1930. 1940. 1960. 1960. 1970. 1970. 1970. 1970. 1960. 1960. 1960. 1960. 1950. 1940. 1940. 1950. 1960. 1970. 1980. 1980. 1980. 1980.    0.    0. 
    0.    0.    0.    0.    0.    0.    0.    0.    0.    0.    0.    0.    0.    0.    0.    0.    0. 2270. 2260. 2260. 2250. 2240. 2220. 2200. 2160. 2140. 2120. 2090. 2070. 2060. 2050. 2040. 2040. 2030. 2030. 2020. 2020. 2010. 2000. 2000. 1990. 1970. 1960. 1950. 1950. 1940. 1940. 1940. 1940. 1940. 1950. 1950. 1950. 1940. 1930. 1920. 1920. 1920. 1930. 1950. 1960. 1970. 1970. 1970. 1960. 1960. 1960. 1960. 1960. 1950. 1940. 1940. 1950. 1960. 1970. 1980.    0.    0.    0.    0.    0. 
    0.    0.    0.    0.    0.    0.    0.    0.    0.    0.    0.    0.    0.    0.    0.    0. 2280. 2260. 2260. 2250. 2240. 2230. 2220. 2180. 2150. 2130. 2110. 2090. 2070. 2060. 2040. 2030. 2030. 2020. 2020. 2010. 2010. 2000. 2000. 1990. 1980. 1960. 1950. 1940. 1940. 1930. 1930. 1930. 1940. 1940. 1940. 1940. 1940. 1930. 1930. 1920. 1910. 1920. 1930. 1940. 1950. 1960. 1960. 1960. 1960. 1950. 1950. 1960. 1960. 1950. 1950. 1950. 1940. 1950. 1970. 1980.    0.    0.    0.    0.    0. 
    0.    0.    0.    0.    0.    0.    0.    0.    0.    0.    0. 2370. 2340. 2320. 2300. 2280. 2270. 2250. 2250. 2240. 2240. 2230. 2200. 2170. 2140. 2120. 2100. 2090. 2070. 2060. 2040. 2030. 2020. 2010. 2010. 2010. 2000. 2000. 1990. 1980. 1970. 1960. 1950. 1940. 1930. 1930. 1930. 1920. 1930. 1930. 1930. 1940. 1940. 1930. 1920. 1910. 1910. 1910. 1930. 1940. 1940. 1950. 1950. 1950. 1950. 1950. 1950. 1950. 1950. 1950. 1950. 1950. 1940. 1950. 1960. 1970.    0.    0.    0.    0.    0. 
    0.    0.    0.    0.    0.    0.    0.    0.    0.    0.    0. 2360. 2330. 2310. 2290. 2280. 2270. 2250. 2240. 2240. 2230. 2220. 2200. 2150. 2130. 2110. 2090. 2080. 2060. 2050. 2040. 2030. 2020. 2010. 2000. 2000. 1990. 1990. 1980. 1970. 1960. 1950. 1940. 1940. 1940. 1930. 1920. 1920. 1920. 1920. 1930. 1930. 1930. 1920. 1920. 1910. 1900. 1910. 1920. 1930. 1930. 1940. 1940. 1940. 1940. 1940. 1940. 1940. 1950. 1950. 1950. 1950. 1940. 1940. 1950. 1960.    0.    0.    0.    0.    0. 
    0.    0.    0.    0.    0.    0.    0.    0.    0.    0. 2410. 2360. 2330. 2310. 2290. 2280. 2270. 2250. 2240. 2240. 2230. 2220. 2200. 2150. 2130. 2110. 2090. 2080. 2060. 2050. 2040. 2030. 2020. 2010. 2000. 1990. 1990. 1980. 1970. 1960. 1950. 1950. 1950. 1950. 1950. 1940. 1930. 1920. 1920. 1920. 1920. 1920. 1930. 1920. 1910. 1900. 1900. 1910. 1920. 1920. 1920. 1930. 1930. 1940. 1940. 1930. 1940. 1940. 1950. 1950. 1950. 1950. 1930. 1930. 1940. 1950.    0.    0.    0.    0.    0. 
    0.    0.    0.    0.    0.    0.    0.    0.    0. 2440. 2410. 2360. 2330. 2310. 2290. 2280. 2270. 2250. 2240. 2240. 2230. 2220. 2200. 2150. 2130. 2110. 2090. 2080. 2060. 2050. 2040. 2030. 2020. 2010. 2000. 1990. 1990. 1980. 1970. 1960. 1960. 1960. 1970. 1970. 1970. 1950. 1940. 1920. 1910. 1910. 1910. 1910. 1920. 1910. 1910. 1900. 1890. 1900. 1910. 1910. 1910. 1920. 1930. 1930. 1930. 1930. 1930. 1940. 1950. 1950. 1950. 1950. 1930. 1930. 1940. 1940.    0.    0.    0.    0.    0. 
    0.    0.    0.    0.    0.    0.    0.    0. 2450. 2440. 2400. 2360. 2330. 2310. 2290. 2280. 2270. 2250. 2240. 2240. 2230. 2220. 2200. 2150. 2130. 2110. 2100. 2090. 2080. 2060. 2040. 2030. 2020. 2010. 2000. 2000. 1990. 1990. 1980. 1970. 1960. 1960. 1970. 1970. 1970. 1950. 1940. 1930. 1920. 1910. 1910. 1900. 1900. 1910. 1900. 1900. 1890. 1890. 1890. 1900. 1900. 1910. 1920. 1920. 1920. 1920. 1930. 1940. 1940. 1940. 1940. 1940. 1930. 1930. 1930. 1940.    0.    0.    0.    0.    0. 
    0.    0.    0.    0.    0.    0. 2460. 2450. 2440. 2440. 2400. 2360. 2330. 2310. 2290. 2280. 2270. 2250. 2240. 2240. 2230. 2220. 2200. 2150. 2130. 2110. 2110. 2100. 2090. 2070. 2050. 2040. 2030. 2020. 2010. 2010. 2000. 1990. 1990. 1970. 1960. 1960. 1970. 1970. 1970. 1950. 1940. 1930. 1920. 1920. 1910. 1900. 1890. 1890. 1890. 1890. 1890. 1890. 1880. 1880. 1890. 1900. 1910. 1910. 1910. 1910. 1920. 1930. 1940. 1940. 1930. 1930. 1920. 1920. 1930. 1930.    0.    0.    0.    0.    0. 
    0.    0.    0.    0.    0. 2470. 2450. 2440. 2430. 2420. 2390. 2350. 2330. 2310. 2290. 2280. 2270. 2250. 2240. 2240. 2230. 2220. 2200. 2150. 2130. 2110. 2110. 2100. 2090. 2070. 2060. 2050. 2040. 2030. 2020. 2010. 2000. 2000. 1990. 1980. 1970. 1970. 1980. 1980. 1970. 1950. 1940. 1930. 1930. 1930. 1910. 1900. 1890. 1890. 1890. 1880. 1890. 1890. 1880. 1880. 1880. 1890. 1890. 1890. 1900. 1900. 1910. 1920. 1930. 1930. 1930. 1930. 1920. 1910. 1920. 1930.    0.    0.    0.    0.    0. 
    0.    0.    0.    0.    0. 2460. 2440. 2430. 2430. 2400. 2370. 2340. 2320. 2300. 2280. 2280. 2270. 2240. 2240. 2240. 2230. 2220. 2200. 2170. 2150. 2130. 2120. 2100. 2090. 2070. 2060. 2050. 2040. 2030. 2020. 2010. 2000. 2000. 1990. 1980. 1970. 1980. 1980. 1980. 1970. 1950. 1940. 1940. 1930. 1930. 1910. 1900. 1890. 1890. 1890. 1880. 1880. 1880. 1870. 1870. 1870. 1880. 1880. 1880. 1890. 1900. 1900. 1910. 1910. 1920. 1920. 1920. 1910. 1900. 1920. 1920.    0.    0.    0.    0.    0. 
    0.    0.    0.    0.    0. 2450. 2440. 2430. 2410. 2380. 2350. 2320. 2300. 2280. 2270. 2260. 2250. 2240. 2240. 2240. 2230. 2220. 2200. 2170. 2150. 2150. 2130. 2110. 2100. 2080. 2070. 2060. 2040. 2030. 2020. 2010. 2010. 2000. 1990. 1980. 1990. 1990. 1990. 1990. 1980. 1960. 1950. 1950. 1950. 1940. 1930. 1910. 1900. 1890. 1890. 1880. 1880. 1880. 1870. 1870. 1870. 1870. 1870. 1870. 1880. 1890. 1890. 1900. 1900. 1900. 1900. 1890. 1890. 1900. 1910. 1920.    0.    0.    0.    0.    0. 
    0.    0.    0.    0.    0. 2450. 2430. 2420. 2400. 2370. 2340. 2310. 2290. 2270. 2260. 2250. 2240. 2240. 2230. 2230. 2220. 2210. 2210. 2190. 2170. 2160. 2140. 2120. 2110. 2090. 2080. 2060. 2040. 2030. 2030. 2020. 2010. 2000. 1990. 1990. 2000. 2000. 2000. 1990. 1980. 1970. 1950. 1950. 1960. 1950. 1940. 1910. 1900. 1900. 1890. 1890. 1880. 1880. 1880. 1870. 1870. 1870. 1870. 1870. 1880. 1880. 1880. 1880. 1890. 1890. 1880. 1870. 1880. 1890. 1910. 1910. 1920.    0.    0.    0.    0. 
    0.    0.    0.    0.    0. 2440. 2430. 2410. 2380. 2350. 2320. 2300. 2280. 2260. 2260. 2250. 2240. 2240. 2240. 2240. 2230. 2220. 2210. 2200. 2180. 2170. 2140. 2130. 2110. 2090. 2080. 2060. 2050. 2040. 2030. 2020. 2010. 2000. 1990. 2010. 2010. 2010. 2010. 2000. 1990. 1970. 1960. 1960. 1970. 1960. 1940. 1920. 1910. 1900. 1900. 1890. 1890. 1890. 1880. 1870. 1870. 1870. 1870. 1870. 1870. 1870. 1870. 1870. 1870. 1870. 1870. 1870. 1870. 1880. 1900. 1910. 1910.    0.    0.    0.    0. 
    0.    0.    0.    0. 2470. 2440. 2430. 2400. 2370. 2340. 2310. 2300. 2290. 2270. 2270. 2260. 2250. 2250. 2250. 2250. 2230. 2220. 2210. 2200. 2190. 2180. 2150. 2130. 2110. 2090. 2080. 2060. 2050. 2040. 2040. 2020. 2010. 2000. 2000. 2020. 2020. 2020. 2010. 2010. 2000. 1980. 1970. 1970. 1980. 1970. 1960. 1930. 1920. 1910. 1910. 1900. 1900. 1900. 1890. 1890. 1890. 1870. 1870. 1870. 1870. 1860. 1860. 1860. 1860. 1860. 1860. 1860. 1860. 1870. 1880. 1900. 1910. 1910.    0.    0.    0. 
    0.    0.    0.    0. 2460. 2430. 2420. 2380. 2360. 2330. 2300. 2290. 2290. 2280. 2280. 2270. 2270. 2270. 2260. 2250. 2230. 2220. 2210. 2200. 2190. 2180. 2150. 2130. 2110. 2100. 2090. 2070. 2050. 2040. 2040. 2020. 2010. 2000. 2010. 2020. 2040. 2030. 2020. 2020. 2010. 1990. 1980. 1980. 1990. 1990. 1980. 1940. 1930. 1920. 1920. 1920. 1920. 1910. 1910. 1910. 1900. 1880. 1880. 1880. 1890. 1890. 1880. 1870. 1860. 1860. 1850. 1850. 1850. 1860. 1860. 1870. 1880. 1890. 1890.    0.    0. 
    0.    0.    0. 2480. 2450. 2430. 2400. 2370. 2340. 2320. 2300. 2300. 2300. 2300. 2300. 2300. 2300. 2290. 2270. 2250. 2230. 2220. 2210. 2200. 2190. 2180. 2150. 2130. 2120. 2100. 2090. 2070. 2060. 2040. 2040. 2020. 2010. 2010. 2020. 2020. 2040. 2040. 2030. 2020. 2010. 2010. 1990. 1990. 2000. 1990. 1990. 1970. 1960. 1950. 1940. 1940. 1930. 1930. 1920. 1920. 1900. 1890. 1880. 1890. 1900. 1900. 1900. 1900. 1880. 1850. 1850. 1840. 1840. 1840. 1850. 1850. 1860. 1860. 1860.    0.    0. 
    0.    0.    0. 2470. 2440. 2410. 2380. 2350. 2330. 2320. 2320. 2320. 2320. 2310. 2310. 2310. 2310. 2300. 2270. 2250. 2230. 2220. 2210. 2200. 2190. 2180. 2150. 2140. 2120. 2110. 2100. 2080. 2060. 2050. 2040. 2030. 2020. 2010. 2020. 2020. 2040. 2040. 2030. 2020. 2010. 2010. 2000. 2000. 2010. 2010. 2000. 1990. 1980. 1970. 1960. 1960. 1950. 1940. 1930. 1920. 1900. 1890. 1890. 1900. 1910. 1910. 1910. 1910. 1900. 1870. 1850. 1850. 1840. 1840. 1840. 1840. 1840. 1840. 1840. 1830.    0. 
    0.    0. 2480. 2450. 2410. 2400. 2380. 2360. 2340. 2330. 2330. 2330. 2330. 2330. 2330. 2330. 2320. 2300. 2270. 2250. 2230. 2220. 2210. 2200. 2190. 2180. 2150. 2140. 2120. 2110. 2100. 2080. 2060. 2050. 2050. 2040. 2040. 2020. 2020. 2020. 2040. 2040. 2040. 2030. 2010. 2010. 2000. 2010. 2010. 2020. 2020. 2010. 2000. 2000. 1990. 1980. 1960. 1950. 1930. 1920. 1910. 1900. 1900. 1910. 1920. 1920. 1920. 1910. 1900. 1870. 1860. 1850. 1840. 1840. 1840. 1830. 1830. 1830. 1830. 1830.    0. 
    0. 2480. 2470. 2420. 2410. 2400. 2390. 2380. 2360. 2340. 2340. 2340. 2340. 2340. 2340. 2340. 2330. 2310. 2290. 2250. 2230. 2220. 2210. 2200. 2190. 2180. 2160. 2140. 2120. 2110. 2100. 2080. 2070. 2060. 2050. 2040. 2040. 2030. 2020. 2020. 2040. 2040. 2040. 2040. 2020. 2010. 2000. 2010. 2020. 2030. 2030. 2030. 2030. 2020. 2010. 2000. 1970. 1950. 1930. 1920. 1910. 1900. 1910. 1910. 1920. 1920. 1920. 1910. 1900. 1880. 1860. 1850. 1850. 1840. 1840. 1840. 1830. 1830. 1830. 1830.    0. 
    0. 2470. 2440. 2420. 2410. 2400. 2390. 2380. 2360. 2360. 2360. 2360. 2360. 2360. 2360. 2350. 2340. 2330. 2310. 2270. 2240. 2230. 2220. 2210. 2200. 2190. 2160. 2140. 2120. 2110. 2100. 2080. 2070. 2060. 2050. 2040. 2040. 2030. 2030. 2020. 2040. 2040. 2050. 2050. 2040. 2020. 2010. 2010. 2020. 2040. 2040. 2050. 2060. 2050. 2030. 2010. 1990. 1960. 1940. 1920. 1920. 1910. 1910. 1920. 1920. 1930. 1920. 1910. 1900. 1870. 1860. 1850. 1850. 1840. 1840. 1840. 1840. 1840.    0.    0.    0. 
 2480. 2470. 2440. 2420. 2410. 2400. 2400. 2390. 2370. 2360. 2360. 2360. 2360. 2360. 2360. 2360. 2350. 2340. 2320. 2300. 2260. 2250. 2230. 2220. 2210. 2200. 2170. 2150. 2120. 2110. 2100. 2080. 2070. 2060. 2050. 2040. 2040. 2030. 2030. 2030. 2040. 2040. 2050. 2060. 2050. 2040. 2020. 2010. 2030. 2040. 2060. 2070. 2070. 2060. 2040. 2020. 1990. 1960. 1940. 1930. 1920. 1920. 1920. 1920. 1920. 1930. 1920. 1910. 1900. 1880. 1870. 1860. 1850. 1850. 1850. 1850. 1850. 1840.    0.    0.    0. 
    0. 2480. 2460. 2430. 2430. 2420. 2410. 2410. 2410. 2390. 2380. 2380. 2380. 2380. 2380. 2380. 2380. 2370. 2360. 2330. 2270. 2260. 2240. 2230. 2210. 2200. 2170. 2150. 2130. 2110. 2100. 2080. 2070. 2060. 2050. 2040. 2040. 2030. 2030. 2030. 2040. 2040. 2060. 2060. 2060. 2050. 2020. 2010. 2030. 2040. 2070. 2080. 2090. 2070. 2060. 2030. 2000. 1970. 1950. 1930. 1930. 1920. 1920. 1930. 1930. 1920. 1910. 1910. 1900. 1880. 1870. 1860. 1850. 1860. 1860. 1860. 1850.    0.    0.    0.    0. 
    0.    0. 2480. 2460. 2450. 2450. 2450. 2450. 2440. 2420. 2410. 2410. 2410. 2410. 2400. 2400. 2400. 2390. 2370. 2340. 2280. 2270. 2250. 2240. 2210. 2200. 2180. 2150. 2130. 2110. 2100. 2080. 2070. 2060. 2050. 2040. 2040. 2030. 2030. 2030. 2040. 2050. 2060. 2070. 2070. 2060. 2030. 2020. 2030. 2040. 2070. 2090. 2110. 2090. 2070. 2040. 2010. 1980. 1950. 1940. 1930. 1930. 1930. 1930. 1930. 1920. 1910. 1900. 1890. 1880. 1870. 1860. 1860. 1870. 1870. 1870.    0.    0.    0.    0.    0. 
    0.    0.    0. 2480. 2480. 2480. 2480. 2480. 2460. 2440. 2440. 2440. 2430. 2430. 2420. 2420. 2420. 2400. 2370. 2350. 2290. 2280. 2260. 2240. 2220. 2210. 2180. 2160. 2130. 2120. 2100. 2080. 2070. 2060. 2050. 2040. 2040. 2030. 2030. 2040. 2050. 2060. 2070. 2080. 2080. 2070. 2050. 2020. 2030. 2030. 2070. 2100. 2110. 2100. 2080. 2050. 2020. 1990. 1960. 1950. 1940. 1940. 1940. 1940. 1930. 1920. 1910. 1900. 1890. 1880. 1870. 1870. 1870. 1870. 1880. 1890.    0.    0.    0.    0.    0. 
    0.    0.    0.    0.    0.    0.    0.    0. 2480. 2470. 2460. 2450. 2440.    0.    0. 2440. 2430. 2400. 2370. 2350. 2300. 2290. 2260. 2250. 2230. 2210. 2190. 2160. 2130. 2120. 2100. 2080. 2070. 2060. 2050. 2050. 2040. 2040. 2040. 2050. 2060. 2070. 2080. 2100. 2090. 2090. 2060. 2040. 2030. 2030. 2070. 2100. 2120. 2110. 2090. 2060. 2020. 1200. 1970. 1960. 1950. 1950. 1950. 1950. 1930. 1920. 1910. 1900. 1890. 1890. 1880. 1870. 1870. 1880. 1890. 1900.    0.    0.    0.    0.    0. 
    0.    0.    0.    0.    0.    0.    0.    0.    0.    0.    0.    0.    0.    0.    0.    0. 2430. 2400. 2370. 2360. 2310. 2300. 2270. 2260. 2230. 2220. 2190. 2170. 2140. 2120. 2100. 2080. 2070. 2060. 2050. 2050. 2040. 2040. 2050. 2060. 2080. 2100. 2100. 2120. 2120. 2110. 2080. 2050. 2040. 2040. 2070. 2100. 2120. 2120. 2090. 2060. 2030. 2010. 1980. 1970. 1960. 1960. 1960. 1960. 1940. 1930. 1920. 1910. 1900. 1890. 1890. 1880. 1880. 1890. 1900. 1900.    0.    0.    0.    0.    0. 
    0.    0.    0.    0.    0.    0.    0.    0.    0.    0.    0.    0.    0.    0.    0.    0.    0. 2410. 2370. 2360. 2320. 2300. 2280. 2270. 2250. 2220. 2190. 2170. 2140. 2120. 2100. 2080. 2070. 2060. 2050. 2050. 2050. 2050. 2060. 2070. 2090. 2110. 2120. 2140. 2140. 2120. 2090. 2070. 2060. 2050. 2070. 2100. 2120. 2120. 2090. 2060. 2040. 2010. 1990. 1980. 1970. 1970. 1970. 1970. 1950. 1930. 1920. 1910. 1900. 1900. 1890. 1890. 1890. 1900. 1900. 1910.    0.    0.    0.    0.    0. 
    0.    0.    0.    0.    0.    0.    0.    0.    0.    0.    0.    0.    0.    0.    0.    0.    0.    0. 2380. 2350. 2330. 2310. 2280. 2280. 2250. 2220. 2190. 2170. 2140. 2120. 2100. 2080. 2070. 2060. 2050. 2050. 2050. 2050. 2060. 2070. 2090. 2110. 2130. 2150. 2150. 2130. 2100. 2080. 2070. 2060. 2070. 2100. 2120. 2120. 2100. 2060. 2040. 2020. 2000. 1990. 1980. 1980. 1980. 1970. 1960. 1940. 1930. 1920. 1910. 1910. 1900. 1900. 1900. 1910. 1910. 1920.    0.    0.    0.    0.    0. 
    0.    0.    0.    0.    0.    0.    0.    0.    0.    0.    0.    0.    0.    0.    0.    0.    0.    0. 2380. 2360. 2330. 2310. 2280. 2280. 2260. 2230. 2190. 2170. 2140. 2120. 2100. 2080. 2070. 2060. 2050. 2050. 2050. 2050. 2060. 2070. 2090. 2110. 2130. 2150. 2150. 2140. 2110. 2090. 2080. 2070. 2080. 2100. 2130. 2130. 2100. 2070. 2050. 2030. 2010. 2000. 1990. 1980. 1980. 1980. 1960. 1950. 1930. 1930. 1930. 1920. 1910. 1900. 1910. 1920. 1920. 1920.    0.    0.    0.    0.    0. 
    0.    0.    0.    0.    0.    0.    0.    0.    0.    0.    0.    0.    0.    0.    0.    0.    0.    0.    0.    0.    0. 2310. 2280. 2280. 2260. 2240. 2190. 2170. 2140. 2120. 2100. 2080. 2070. 2060. 2060. 2050. 2050. 2060. 2060. 2080. 2100. 2110. 2130. 2150. 2160. 2160. 2130. 2110. 2090. 2080. 2090. 2110. 2130. 2130. 2100. 2080. 2060. 2040. 2020. 2010. 2000. 2000. 1990. 1980. 1970. 1950. 1940. 1940. 1940. 1930. 1920. 1910. 1920. 1930. 1930. 1940.    0.    0.    0.    0.    0. 
    0.    0.    0.    0.    0.    0.    0.    0.    0.    0.    0.    0.    0.    0.    0.    0.    0.    0.    0.    0.    0.    0. 2290. 2280. 2260. 2240. 2200. 2170. 2140. 2120. 2110. 2090. 2070. 2060. 2060. 2050. 2050. 2060. 2070. 2080. 2100. 2120. 2140. 2160. 2170. 2170. 2150. 2120. 2110. 2100. 2100. 2120. 2140. 2140. 2110. 2090. 2070. 2050. 2030. 2020. 2010. 2010. 2000. 1990. 1980. 1960. 1950. 1950. 1950. 1950. 1930. 1920. 1930. 1950. 1950. 1950.    0.    0.    0.    0.    0. 
    0.    0.    0.    0.    0.    0.    0.    0.    0.    0.    0.    0.    0.    0.    0.    0.    0.    0.    0.    0.    0.    0.    0. 2280. 2260. 2240. 2200. 2170. 2140. 2120. 2110. 2090. 2080. 2070. 2060. 2060. 2060. 2060. 2070. 2080. 2100. 2120. 2150. 2170. 2190. 2180. 2160. 2140. 2120. 2110. 2110. 2120. 2150. 2140. 2120. 2100. 2080. 2060. 2040. 2030. 2030. 2020. 2000. 1990. 1980. 1970. 1960. 1960. 1970. 1960. 1950. 1930. 1940. 1950. 1960. 1960.    0.    0.    0.    0.    0. 
    0.    0.    0.    0.    0.    0.    0.    0.    0.    0.    0.    0.    0.    0.    0.    0.    0.    0.    0.    0.    0.    0.    0.    0.    0.    0.    0.    0.    0. 2120. 2110. 2090. 2080. 2070. 2060. 2060. 2060. 2060. 2070. 2090. 2110. 2130. 2150. 2180. 2200. 2200. 2170. 2150. 2140. 2130. 2130. 2130. 2160. 2150. 2130. 2110. 2090. 2070. 2050. 2050. 2040. 2030. 2010. 2000. 1990. 1980. 1970. 1980. 1980. 1980. 1960. 1950. 1950. 1960. 1960. 1970.    0.    0.    0.    0.    0. 
    0.    0.    0.    0.    0.    0.    0.    0.    0.    0.    0.    0.    0.    0.    0.    0.    0.    0.    0.    0.    0.    0.    0.    0.    0.    0.    0.    0.    0.    0.    0. 2090. 2080. 2070. 2060. 2060. 2060. 2070. 2080. 2090. 2110. 2130. 2150. 2180. 2200. 2210. 2190. 2160. 2140. 2140. 2130. 2140. 2160. 2150. 2140. 2120. 2100. 2090. 2070. 2070. 2060. 2050. 2030. 2010. 2000. 1990. 1980. 1990. 1990. 1990. 1960. 1960. 1960. 1970. 1970. 1970.    0.    0.    0.    0.    0. 
    0.    0.    0.    0.    0.    0.    0.    0.    0.    0.    0.    0.    0.    0.    0.    0.    0.    0.    0.    0.    0.    0.    0.    0.    0.    0.    0.    0.    0.    0.    0.    0. 2080. 2070. 2060. 2060. 2060. 2070. 2080. 2090. 2110. 2130. 2150. 2180. 2200. 2220. 2210. 2180. 2160. 2150. 2140. 2150. 2160. 2160. 2150. 2140. 2120. 2100. 2090. 2090. 2080. 2060. 2040. 2020. 2010. 2000. 2000. 2000. 1990. 1990. 1970. 1970. 1970. 1980. 1980. 1980.    0.    0.    0.    0.    0. 
    0.    0.    0.    0.    0.    0.    0.    0.    0.    0.    0.    0.    0.    0.    0.    0.    0.    0.    0.    0.    0.    0.    0.    0.    0.    0.    0.    0.    0.    0.    0.    0.    0. 2070. 2070.    0.    0.    0.    0.    0.    0.    0.    0.    0.    0.    0. 2220. 2200. 2170. 2160. 2150. 2150. 2170. 2170. 2170. 2150. 2130. 2110. 2110. 2110. 2100. 2070. 2050. 2030. 2020. 2010. 2010. 2000. 1990. 1980. 1980. 1980. 1980. 1980. 1980. 1980.    0.    0.    0.    0.    0. 
    0.    0.    0.    0.    0.    0.    0.    0.    0.    0.    0.    0.    0.    0.    0.    0.    0.    0.    0.    0.    0.    0.    0.    0.    0.    0.    0.    0.    0.    0.    0.    0.    0.    0.    0.    0.    0.    0.    0.    0.    0.    0.    0.    0.    0.    0. 2230. 2210. 2190. 2180. 2160. 2160. 2170. 2180. 2180. 2170. 2150. 2130. 2130. 2120. 2110. 2080. 2060. 2050. 2030. 2020. 2020. 2000. 1990. 1990. 1990. 1990. 1990. 1990. 1990. 1990.    0.    0.    0.    0.    0. 
    0.    0.    0.    0.    0.    0.    0.    0.    0.    0.    0.    0.    0.    0.    0.    0.    0.    0.    0.    0.    0.    0.    0.    0.    0.    0.    0.    0.    0.    0.    0.    0.    0.    0.    0.    0.    0.    0.    0.    0.    0.    0.    0.    0.    0.    0.    0. 2230. 2210. 2200. 2180. 2170. 2180. 2190. 2200. 2190. 2170. 2160. 2150. 2140. 2120. 2100. 2080. 2060. 2050. 2030. 2020. 2000. 2000. 1990. 2000. 2000. 2000. 2000. 2000. 2010.    0.    0.    0.    0.    0. 
    0.    0.    0.    0.    0.    0.    0.    0.    0.    0.    0.    0.    0.    0.    0.    0.    0.    0.    0.    0.    0.    0.    0.    0.    0.    0.    0.    0.    0.    0.    0.    0.    0.    0.    0.    0.    0.    0.    0.    0.    0.    0.    0.    0.    0.    0.    0.    0. 2220. 2220. 2200. 2180. 2180. 2190. 2210. 2210. 2200. 2180. 2170. 2160. 2140. 2120. 2090. 2070. 2050. 2030. 2020. 2010. 2000. 2000. 2000. 2000. 2010. 2010. 2010. 2010.    0.    0.    0.    0.    0. 
    0.    0.    0.    0.    0.    0.    0.    0.    0.    0.    0.    0.    0.    0.    0.    0.    0.    0.    0.    0.    0.    0.    0.    0.    0.    0.    0.    0.    0.    0.    0.    0.    0.    0.    0.    0.    0.    0.    0.    0.    0.    0.    0.    0.    0.    0.    0.    0.    0. 2230. 2210. 2190. 2190. 2200. 2210. 2220. 2210. 2200. 2190. 2170. 2150. 2130. 2100. 2070. 2050. 2030. 2020. 2010. 2010. 2010. 2010. 2010. 2020. 2020. 2020. 2020.    0.    0.    0.    0.    0. 
    0.    0.    0.    0.    0.    0.    0.    0.    0.    0.    0.    0.    0.    0.    0.    0.    0.    0.    0.    0.    0.    0.    0.    0.    0.    0.    0.    0.    0.    0.    0.    0.    0.    0.    0.    0.    0.    0.    0.    0.    0.    0.    0.    0.    0.    0.    0.    0.    0. 2230. 2220. 2200. 2200. 2210. 2220. 2230. 2220. 2210. 2190. 2170. 2150. 2130. 2100. 2070. 2050. 2030. 2020. 2020. 2020. 2020. 2020. 2020. 2020. 2030. 2030. 2030.    0.    0.    0.    0.    0. 
    0.    0.    0.    0.    0.    0.    0.    0.    0.    0.    0.    0.    0.    0.    0.    0.    0.    0.    0.    0.    0.    0.    0.    0.    0.    0.    0.    0.    0.    0.    0.    0.    0.    0.    0.    0.    0.    0.    0.    0.    0.    0.    0.    0.    0.    0.    0.    0.    0.    0. 2220. 2210. 2200. 2210. 2220. 2240. 2230. 2220. 2200. 2170. 2150. 2130. 2100. 2070. 2050. 2040. 2030. 2020. 2020. 2020. 2020. 2020. 2030. 2030. 2040. 2040.    0.    0.    0.    0.    0. 
    0.    0.    0.    0.    0.    0.    0.    0.    0.    0.    0.    0.    0.    0.    0.    0.    0.    0.    0.    0.    0.    0.    0.    0.    0.    0.    0.    0.    0.    0.    0.    0.    0.    0.    0.    0.    0.    0.    0.    0.    0.    0.    0.    0.    0.    0.    0.    0.    0.    0.    0.    0.    0.    0.    0.    0. 2240. 2220. 2200. 2180. 2150. 2130. 2100. 2070. 2060. 2050. 2040. 2030. 2030. 2030. 2030. 2030. 2030. 2040. 2050. 2050.    0.    0.    0.    0.    0. 
    0.    0.    0.    0.    0.    0.    0.    0.    0.    0.    0.    0.    0.    0.    0.    0.    0.    0.    0.    0.    0.    0.    0.    0.    0.    0.    0.    0.    0.    0.    0.    0.    0.    0.    0.    0.    0.    0.    0.    0.    0.    0.    0.    0.    0.    0.    0.    0.    0.    0.    0.    0.    0.    0.    0.    0. 2240. 2220. 2200. 2180. 2150. 2130. 2100. 2080. 2060. 2050. 2040. 2040. 2030. 2030. 2030. 2030. 2040. 2040. 2050.    0.    0.    0.    0.    0.    0. 
    0.    0.    0.    0.    0.    0.    0.    0.    0.    0.    0.    0.    0.    0.    0.    0.    0.    0.    0.    0.    0.    0.    0.    0.    0.    0.    0.    0.    0.    0.    0.    0.    0.    0.    0.    0.    0.    0.    0.    0.    0.    0.    0.    0.    0.    0.    0.    0.    0.    0.    0.    0.    0.    0.    0.    0.    0. 2230. 2200. 2180. 2160. 2130. 2110.    0.    0.    0.    0.    0.    0.    0.    0.    0.    0.    0. 2050.    0.    0.    0.    0.    0.    0. 
    0.    0.    0.    0.    0.    0.    0.    0.    0.    0.    0.    0.    0.    0.    0.    0.    0.    0.    0.    0.    0.    0.    0.    0.    0.    0.    0.    0.    0.    0.    0.    0.    0.    0.    0.    0.    0.    0.    0.    0.    0.    0.    0.    0.    0.    0.    0.    0.    0.    0.    0.    0.    0.    0.    0.    0.    0.    0. 2200. 2180. 2160. 2140.    0.    0.    0.    0.    0.    0.    0.    0.    0.    0.    0.    0.    0.    0.    0.    0.    0.    0.    0. 
    0.    0.    0.    0.    0.    0.    0.    0.    0.    0.    0.    0.    0.    0.    0.    0.    0.    0.    0.    0.    0.    0.    0.    0.    0.    0.    0.    0.    0.    0.    0.    0.    0.    0.    0.    0.    0.    0.    0.    0.    0.    0.    0.    0.    0.    0.    0.    0.    0.    0.    0.    0.    0.    0.    0.    0.    0.    0. 2200. 2180. 2170.    0.    0.    0.    0.    0.    0.    0.    0.    0.    0.    0.    0.    0.    0.    0.    0.    0.    0.    0.    0.
