 0.   0.   0.   0.   0.   0.   0.   0.   0.   0.   0.   0.   0.   0.   0.   0.   0.   0.   0.   0.   0.   0.   0.   0.   0.   0.   0.   0.   0.   0.   0.   0.   0.   0.   0.   0.   0.   0.   0.   0.   0.   0.   0.   0.   0.   0.   0.   0.   0.   0.   0.   0.   0.   0.   0.   0.   0.   0.   0.   0.   0.   0.   0.   0.20 0.20 0.   0.   0.   0.   0.   0.   0.   0.   0.   0.   0.   0.   0.   0.   0.   0.  
 0.   0.   0.   0.   0.   0.   0.   0.   0.   0.   0.   0.   0.   0.   0.   0.   0.   0.   0.   0.   0.   0.   0.   0.   0.   0.   0.   0.   0.   0.   0.   0.   0.   0.   0.   0.   0.   0.   0.   0.   0.   0.   0.   0.   0.   0.   0.   0.   0.   0.   0.   0.   0.   0.   0.   0.   0.   0.   0.   0.   0.   0.   0.20 0.20 0.20 0.   0.   0.   0.   0.   0.   0.   0.   0.   0.   0.   0.   0.   0.   0.   0.  
 0.   0.   0.   0.   0.   0.   0.   0.   0.   0.   0.   0.   0.   0.   0.   0.   0.   0.   0.   0.   0.   0.   0.   0.   0.   0.   0.   0.   0.   0.   0.   0.   0.   0.   0.   0.   0.   0.   0.   0.   0.   0.   0.   0.   0.   0.   0.   0.   0.   0.   0.   0.   0.   0.   0.   0.   0.   0.   0.   0.   0.   0.   0.20 0.20 0.25 0.   0.   0.   0.   0.   0.   0.   0.   0.   0.   0.   0.   0.   0.   0.   0.  
 0.   0.   0.   0.   0.   0.   0.   0.   0.   0.   0.   0.   0.   0.   0.   0.   0.   0.   0.   0.   0.   0.   0.   0.   0.   0.   0.   0.   0.   0.   0.   0.   0.   0.   0.   0.   0.   0.   0.   0.   0.   0.   0.   0.   0.   0.   0.   0.   0.   0.   0.   0.   0.   0.   0.   0.   0.   0.   0.   0.   0.   0.20 0.20 0.20 0.25 0.   0.   0.   0.   0.   0.   0.   0.   0.   0.   0.   0.   0.   0.   0.   0.  
 0.   0.   0.   0.   0.   0.   0.   0.   0.   0.   0.   0.   0.   0.   0.   0.   0.   0.   0.   0.   0.   0.   0.   0.   0.   0.   0.   0.   0.   0.   0.   0.   0.   0.   0.   0.   0.   0.   0.   0.   0.   0.   0.   0.   0.   0.   0.   0.   0.   0.   0.   0.   0.   0.   0.   0.   0.   0.   0.   0.   0.   0.20 0.20 0.20 0.25 0.20 0.   0.   0.   0.   0.   0.   0.   0.   0.   0.   0.   0.   0.   0.   0.  
 0.   0.   0.   0.   0.   0.   0.   0.   0.   0.   0.   0.   0.   0.   0.   0.   0.   0.   0.   0.   0.   0.   0.   0.   0.   0.   0.   0.   0.   0.   0.   0.   0.   0.   0.   0.   0.   0.   0.   0.   0.   0.   0.   0.   0.   0.   0.   0.   0.   0.   0.   0.   0.   0.   0.   0.   0.   0.   0.   0.   0.   0.20 0.20 0.20 0.25 0.25 0.20 0.   0.   0.   0.   0.   0.   0.   0.   0.   0.   0.   0.   0.   0.  
 0.   0.   0.   0.   0.   0.   0.   0.   0.   0.   0.   0.   0.   0.   0.   0.   0.   0.   0.   0.   0.   0.   0.   0.   0.   0.   0.   0.   0.   0.   0.   0.   0.   0.   0.   0.   0.   0.   0.   0.   0.   0.   0.   0.   0.   0.   0.   0.   0.   0.   0.   0.   0.   0.   0.   0.   0.   0.   0.   0.   0.20 0.20 0.20 0.20 0.25 0.25 0.25 0.20 0.   0.   0.   0.   0.   0.   0.   0.   0.   0.   0.   0.   0.  
 0.   0.   0.   0.   0.   0.   0.   0.   0.   0.   0.   0.   0.   0.   0.   0.   0.   0.   0.   0.   0.   0.   0.   0.   0.   0.   0.   0.   0.   0.   0.   0.   0.   0.   0.   0.   0.   0.   0.   0.   0.   0.   0.   0.   0.   0.   0.   0.   0.   0.   0.   0.   0.   0.   0.   0.   0.   0.   0.   0.   0.20 0.20 0.20 0.20 0.25 0.25 0.25 0.20 0.20 0.20 0.20 0.   0.   0.   0.   0.   0.   0.   0.   0.   0.  
 0.   0.   0.   0.   0.   0.   0.   0.   0.   0.   0.   0.   0.   0.   0.   0.   0.   0.   0.   0.   0.   0.   0.   0.   0.   0.   0.   0.   0.   0.   0.   0.   0.   0.   0.   0.   0.   0.   0.   0.   0.   0.   0.   0.   0.   0.   0.   0.   0.15 0.15 0.   0.   0.   0.   0.   0.   0.   0.   0.20 0.20 0.20 0.20 0.20 0.20 0.25 0.25 0.25 0.20 0.20 0.20 0.20 0.20 0.20 0.20 0.20 0.   0.   0.   0.   0.   0.  
 0.   0.   0.   0.   0.   0.   0.   0.   0.   0.   0.   0.   0.   0.   0.   0.   0.   0.   0.   0.   0.   0.   0.   0.   0.   0.   0.   0.   0.   0.   0.   0.   0.   0.   0.   0.   0.   0.   0.   0.   0.   0.   0.   0.   0.   0.   0.   0.15 0.15 0.15 0.15 0.15 0.15 0.   0.   0.   0.15 0.20 0.20 0.20 0.20 0.20 0.20 0.20 0.25 0.25 0.25 0.20 0.20 0.20 0.20 0.20 0.20 0.20 0.20 0.20 0.   0.   0.   0.   0.  
 0.   0.   0.   0.   0.   0.   0.   0.   0.   0.   0.   0.   0.   0.   0.   0.   0.   0.   0.   0.   0.   0.   0.   0.   0.   0.   0.   0.   0.   0.   0.   0.   0.   0.   0.   0.   0.   0.   0.   0.   0.   0.   0.   0.   0.   0.   0.15 0.15 0.15 0.15 0.15 0.15 0.15 0.15 0.15 0.15 0.15 0.20 0.20 0.20 0.20 0.20 0.20 0.20 0.25 0.25 0.25 0.20 0.20 0.20 0.20 0.20 0.20 0.20 0.20 0.20 0.   0.   0.   0.   0.  
 0.   0.   0.   0.   0.   0.   0.   0.   0.   0.   0.   0.   0.   0.   0.   0.   0.   0.   0.   0.   0.   0.   0.   0.   0.   0.   0.   0.   0.   0.   0.   0.   0.   0.   0.   0.   0.   0.   0.   0.   0.   0.   0.   0.   0.   0.   0.15 0.15 0.15 0.20 0.20 0.20 0.20 0.20 0.20 0.20 0.20 0.20 0.20 0.20 0.20 0.20 0.20 0.20 0.25 0.25 0.25 0.20 0.20 0.20 0.20 0.20 0.20 0.20 0.20 0.20 0.20 0.   0.   0.   0.  
 0.   0.   0.   0.   0.   0.   0.   0.   0.   0.   0.   0.   0.   0.   0.   0.   0.   0.   0.   0.   0.   0.   0.   0.   0.   0.   0.   0.   0.   0.   0.   0.   0.   0.   0.   0.   0.   0.   0.   0.   0.   0.   0.   0.   0.15 0.15 0.15 0.15 0.15 0.20 0.20 0.20 0.20 0.20 0.20 0.20 0.20 0.20 0.20 0.20 0.20 0.20 0.20 0.20 0.25 0.25 0.25 0.20 0.20 0.20 0.20 0.20 0.20 0.20 0.20 0.20 0.20 0.20 0.   0.   0.  
 0.   0.   0.   0.   0.   0.   0.   0.   0.   0.   0.   0.   0.   0.   0.   0.   0.   0.   0.   0.   0.   0.   0.   0.   0.   0.   0.   0.   0.   0.   0.   0.   0.   0.   0.   0.   0.   0.   0.   0.   0.   0.15 0.15 0.15 0.15 0.15 0.15 0.15 0.15 0.20 0.20 0.20 0.20 0.20 0.20 0.20 0.20 0.20 0.20 0.20 0.20 0.20 0.20 0.20 0.25 0.25 0.25 0.20 0.20 0.20 0.20 0.20 0.20 0.20 0.20 0.20 0.20 0.20 0.20 0.   0.  
 0.   0.   0.   0.   0.   0.   0.   0.   0.   0.   0.   0.   0.   0.   0.   0.   0.   0.   0.   0.   0.   0.   0.   0.   0.   0.   0.   0.   0.   0.   0.   0.   0.   0.   0.   0.   0.   0.   0.   0.   0.15 0.15 0.15 0.15 0.15 0.15 0.15 0.15 0.15 0.15 0.15 0.20 0.20 0.20 0.20 0.20 0.20 0.20 0.20 0.20 0.20 0.20 0.20 0.20 0.25 0.25 0.25 0.25 0.20 0.20 0.20 0.20 0.20 0.20 0.20 0.20 0.20 0.20 0.20 0.20 0.  
 0.   0.   0.   0.   0.   0.   0.   0.   0.   0.   0.   0.   0.   0.   0.   0.   0.   0.   0.   0.   0.   0.   0.   0.   0.   0.   0.   0.   0.   0.   0.   0.   0.   0.   0.   0.   0.   0.   0.   0.15 0.15 0.15 0.15 0.15 0.15 0.15 0.15 0.15 0.15 0.15 0.15 0.15 0.20 0.20 0.20 0.20 0.20 0.20 0.20 0.20 0.20 0.20 0.20 0.20 0.25 0.25 0.25 0.25 0.25 0.20 0.20 0.20 0.20 0.20 0.20 0.20 0.20 0.20 0.20 0.20 0.  
 0.   0.   0.   0.   0.   0.   0.   0.   0.   0.   0.   0.   0.   0.   0.   0.   0.   0.   0.   0.   0.   0.   0.   0.   0.   0.   0.   0.   0.   0.   0.   0.   0.   0.   0.   0.   0.   0.   0.   0.15 0.15 0.15 0.15 0.15 0.15 0.15 0.15 0.15 0.15 0.15 0.15 0.15 0.20 0.20 0.20 0.20 0.20 0.20 0.20 0.20 0.20 0.20 0.20 0.20 0.25 0.25 0.25 0.25 0.25 0.25 0.25 0.25 0.25 0.25 0.25 0.25 0.20 0.20 0.20 0.20 0.  
 0.   0.   0.   0.   0.   0.   0.   0.   0.   0.   0.   0.   0.   0.   0.   0.   0.   0.   0.   0.   0.   0.   0.   0.   0.   0.   0.   0.   0.   0.   0.   0.   0.   0.   0.   0.   0.   0.   0.   0.15 0.15 0.15 0.15 0.15 0.15 0.15 0.15 0.15 0.15 0.15 0.15 0.15 0.20 0.20 0.20 0.20 0.20 0.20 0.20 0.20 0.20 0.20 0.20 0.20 0.25 0.25 0.25 0.25 0.25 0.25 0.25 0.25 0.25 0.25 0.25 0.25 0.25 0.20 0.20 0.20 0.  
 0.   0.   0.   0.   0.   0.   0.   0.   0.   0.   0.   0.   0.   0.   0.   0.   0.   0.   0.   0.   0.   0.   0.   0.   0.   0.   0.   0.   0.   0.   0.   0.   0.   0.   0.15 0.15 0.15 0.15 0.15 0.15 0.15 0.15 0.15 0.15 0.15 0.15 0.15 0.15 0.15 0.15 0.15 0.15 0.20 0.20 0.20 0.20 0.20 0.20 0.20 0.20 0.20 0.20 0.20 0.20 0.25 0.25 0.25 0.25 0.25 0.25 0.25 0.25 0.25 0.25 0.25 0.25 0.25 0.20 0.20 0.20 0.20
 0.   0.   0.   0.   0.   0.   0.   0.   0.   0.   0.   0.   0.   0.   0.   0.   0.   0.   0.   0.   0.   0.   0.   0.   0.   0.   0.   0.   0.   0.   0.   0.   0.15 0.15 0.15 0.15 0.15 0.15 0.15 0.15 0.15 0.15 0.15 0.15 0.15 0.15 0.15 0.15 0.15 0.15 0.15 0.15 0.20 0.20 0.20 0.20 0.20 0.20 0.20 0.20 0.20 0.20 0.20 0.20 0.25 0.25 0.25 0.25 0.25 0.25 0.25 0.25 0.25 0.25 0.25 0.25 0.25 0.20 0.20 0.20 0.20
 0.   0.   0.   0.   0.   0.   0.   0.   0.   0.   0.   0.   0.   0.   0.   0.   0.   0.   0.   0.   0.   0.   0.   0.   0.   0.   0.   0.   0.   0.15 0.15 0.15 0.15 0.15 0.15 0.15 0.15 0.15 0.15 0.15 0.15 0.15 0.15 0.15 0.15 0.15 0.15 0.15 0.15 0.15 0.15 0.15 0.20 0.20 0.25 0.20 0.20 0.20 0.20 0.20 0.20 0.20 0.20 0.20 0.20 0.25 0.25 0.25 0.25 0.25 0.25 0.25 0.25 0.25 0.25 0.25 0.25 0.20 0.20 0.20 0.20
 0.   0.   0.   0.   0.   0.   0.   0.   0.   0.   0.   0.   0.   0.   0.   0.   0.   0.   0.   0.   0.   0.   0.   0.   0.   0.   0.15 0.15 0.15 0.15 0.15 0.15 0.15 0.15 0.15 0.15 0.15 0.15 0.15 0.15 0.15 0.15 0.15 0.15 0.15 0.15 0.15 0.15 0.15 0.15 0.15 0.20 0.20 0.20 0.25 0.20 0.20 0.20 0.20 0.20 0.20 0.20 0.20 0.20 0.20 0.20 0.25 0.25 0.25 0.25 0.25 0.25 0.25 0.25 0.25 0.25 0.25 0.20 0.20 0.20 0.20
 0.   0.   0.   0.   0.   0.   0.   0.   0.   0.   0.   0.   0.   0.   0.   0.   0.   0.   0.   0.   0.   0.   0.   0.   0.15 0.15 0.15 0.15 0.15 0.15 0.15 0.15 0.15 0.15 0.15 0.15 0.15 0.15 0.15 0.15 0.15 0.15 0.15 0.15 0.15 0.15 0.15 0.15 0.20 0.20 0.20 0.20 0.20 0.20 0.25 0.20 0.20 0.20 0.20 0.20 0.20 0.20 0.20 0.20 0.20 0.20 0.20 0.20 0.25 0.25 0.25 0.25 0.25 0.25 0.25 0.25 0.25 0.20 0.20 0.20 0.20
 0.   0.   0.   0.   0.   0.   0.   0.   0.   0.   0.   0.   0.   0.   0.   0.   0.   0.   0.   0.   0.   0.   0.15 0.15 0.15 0.15 0.15 0.15 0.15 0.15 0.15 0.15 0.15 0.15 0.15 0.15 0.15 0.15 0.15 0.15 0.15 0.15 0.15 0.15 0.20 0.20 0.20 0.20 0.20 0.20 0.20 0.20 0.20 0.20 0.25 0.20 0.20 0.20 0.20 0.20 0.20 0.20 0.20 0.20 0.20 0.20 0.20 0.20 0.20 0.25 0.25 0.25 0.25 0.25 0.25 0.25 0.20 0.20 0.20 0.20 0.20
 0.   0.   0.   0.   0.   0.   0.   0.   0.   0.   0.   0.   0.   0.   0.   0.   0.   0.   0.   0.   0.15 0.15 0.15 0.15 0.15 0.15 0.15 0.15 0.15 0.15 0.15 0.15 0.15 0.15 0.15 0.15 0.15 0.15 0.15 0.15 0.15 0.15 0.15 0.20 0.20 0.20 0.20 0.20 0.20 0.20 0.20 0.20 0.20 0.20 0.25 0.25 0.20 0.20 0.20 0.20 0.20 0.20 0.20 0.20 0.20 0.20 0.20 0.20 0.20 0.25 0.25 0.25 0.25 0.25 0.25 0.20 0.20 0.20 0.20 0.20 0.  
 0.   0.   0.   0.   0.   0.   0.   0.   0.   0.   0.   0.   0.   0.   0.   0.   0.   0.   0.15 0.15 0.15 0.15 0.15 0.15 0.15 0.15 0.15 0.15 0.15 0.15 0.15 0.15 0.15 0.15 0.15 0.15 0.15 0.15 0.15 0.15 0.15 0.15 0.20 0.20 0.20 0.20 0.20 0.20 0.20 0.20 0.20 0.20 0.20 0.20 0.25 0.25 0.20 0.20 0.20 0.20 0.20 0.20 0.20 0.20 0.20 0.20 0.20 0.20 0.20 0.20 0.25 0.25 0.25 0.25 0.25 0.20 0.20 0.20 0.20 0.   0.  
 0.   0.   0.   0.   0.   0.   0.   0.   0.   0.   0.   0.   0.   0.   0.   0.   0.   0.15 0.15 0.15 0.15 0.15 0.15 0.15 0.15 0.15 0.15 0.15 0.15 0.15 0.15 0.15 0.15 0.15 0.15 0.15 0.15 0.15 0.15 0.15 0.15 0.20 0.20 0.20 0.20 0.20 0.20 0.20 0.20 0.20 0.20 0.20 0.20 0.20 0.25 0.25 0.20 0.20 0.20 0.20 0.20 0.20 0.20 0.20 0.20 0.20 0.20 0.20 0.20 0.20 0.20 0.25 0.25 0.25 0.25 0.20 0.   0.   0.   0.   0.  
 0.   0.   0.   0.   0.   0.   0.   0.   0.   0.   0.   0.   0.   0.   0.   0.   0.15 0.15 0.15 0.15 0.15 0.15 0.15 0.15 0.15 0.15 0.15 0.15 0.15 0.25 0.25 0.25 0.25 0.15 0.15 0.15 0.15 0.15 0.15 0.20 0.20 0.20 0.20 0.20 0.20 0.20 0.20 0.20 0.20 0.20 0.20 0.20 0.20 0.20 0.25 0.25 0.25 0.20 0.20 0.20 0.20 0.20 0.20 0.20 0.20 0.20 0.20 0.20 0.20 0.20 0.20 0.25 0.25 0.25 0.25 0.20 0.   0.   0.   0.   0.  
 0.   0.   0.   0.   0.   0.   0.   0.   0.   0.   0.   0.15 0.15 0.15 0.15 0.15 0.15 0.15 0.15 0.15 0.15 0.15 0.15 0.15 0.15 0.15 0.15 0.15 0.15 0.25 0.25 0.25 0.25 0.25 0.25 0.15 0.15 0.15 0.15 0.20 0.20 0.25 0.25 0.25 0.25 0.25 0.25 0.20 0.20 0.20 0.20 0.20 0.20 0.20 0.25 0.25 0.25 0.20 0.20 0.20 0.20 0.20 0.20 0.20 0.20 0.20 0.20 0.20 0.20 0.20 0.20 0.25 0.25 0.25 0.25 0.20 0.   0.   0.   0.   0.  
 0.   0.   0.   0.   0.   0.   0.   0.   0.   0.   0.15 0.15 0.15 0.15 0.15 0.15 0.25 0.25 0.25 0.25 0.25 0.25 0.25 0.25 0.25 0.25 0.25 0.25 0.25 0.25 0.25 0.25 0.25 0.25 0.25 0.25 0.25 0.25 0.25 0.25 0.25 0.25 0.25 0.25 0.25 0.25 0.25 0.25 0.25 0.20 0.20 0.20 0.20 0.20 0.25 0.25 0.25 0.25 0.25 0.25 0.20 0.20 0.20 0.20 0.20 0.20 0.20 0.20 0.20 0.20 0.20 0.25 0.25 0.25 0.25 0.20 0.   0.   0.   0.   0.  
 0.   0.   0.   0.   0.   0.   0.   0.   0.   0.15 0.15 0.15 0.15 0.15 0.15 0.15 0.25 0.25 0.25 0.25 0.25 0.25 0.25 0.25 0.25 0.25 0.25 0.25 0.25 0.25 0.25 0.25 0.25 0.25 0.25 0.25 0.25 0.25 0.25 0.25 0.25 0.25 0.25 0.25 0.25 0.25 0.25 0.25 0.25 0.25 0.25 0.25 0.25 0.25 0.25 0.25 0.25 0.25 0.25 0.25 0.20 0.20 0.20 0.20 0.20 0.20 0.20 0.20 0.20 0.20 0.20 0.25 0.25 0.25 0.25 0.20 0.   0.   0.   0.   0.  
 0.   0.   0.   0.   0.   0.   0.   0.   0.15 0.15 0.15 0.15 0.15 0.15 0.15 0.15 0.15 0.15 0.15 0.15 0.15 0.15 0.15 0.15 0.15 0.15 0.20 0.20 0.20 0.20 0.20 0.20 0.25 0.25 0.25 0.25 0.25 0.25 0.25 0.25 0.25 0.25 0.25 0.25 0.25 0.25 0.25 0.25 0.25 0.25 0.25 0.25 0.25 0.25 0.25 0.25 0.25 0.25 0.25 0.25 0.20 0.20 0.20 0.20 0.20 0.20 0.20 0.20 0.20 0.20 0.20 0.25 0.25 0.25 0.25 0.20 0.   0.   0.   0.   0.  
 0.   0.   0.   0.   0.   0.   0.   0.15 0.15 0.15 0.15 0.15 0.15 0.15 0.15 0.15 0.15 0.15 0.15 0.15 0.15 0.15 0.15 0.15 0.15 0.20 0.20 0.20 0.20 0.20 0.20 0.20 0.25 0.25 0.25 0.25 0.25 0.25 0.25 0.25 0.25 0.20 0.20 0.20 0.20 0.20 0.25 0.25 0.25 0.25 0.25 0.25 0.25 0.25 0.25 0.25 0.25 0.25 0.25 0.25 0.20 0.20 0.20 0.20 0.20 0.20 0.20 0.20 0.20 0.20 0.20 0.25 0.25 0.25 0.25 0.20 0.   0.   0.   0.   0.  
 0.   0.   0.   0.   0.   0.   0.15 0.15 0.15 0.15 0.15 0.15 0.15 0.15 0.15 0.15 0.15 0.15 0.15 0.15 0.15 0.15 0.20 0.20 0.20 0.20 0.20 0.20 0.20 0.20 0.20 0.20 0.25 0.25 0.25 0.25 0.25 0.25 0.25 0.25 0.25 0.20 0.20 0.20 0.20 0.20 0.25 0.25 0.25 0.25 0.25 0.25 0.25 0.25 0.25 0.25 0.25 0.25 0.25 0.25 0.20 0.20 0.20 0.20 0.20 0.20 0.20 0.20 0.20 0.20 0.25 0.25 0.25 0.25 0.25 0.20 0.   0.   0.   0.   0.  
 0.   0.   0.   0.   0.   0.15 0.15 0.15 0.15 0.15 0.15 0.15 0.15 0.15 0.15 0.15 0.15 0.15 0.20 0.20 0.20 0.20 0.20 0.20 0.20 0.25 0.25 0.20 0.20 0.20 0.20 0.25 0.25 0.25 0.25 0.25 0.25 0.25 0.25 0.25 0.25 0.20 0.20 0.20 0.20 0.20 0.25 0.25 0.25 0.25 0.25 0.25 0.25 0.25 0.25 0.25 0.25 0.25 0.25 0.25 0.20 0.20 0.20 0.20 0.20 0.20 0.20 0.20 0.20 0.20 0.25 0.25 0.25 0.25 0.25 0.20 0.   0.   0.   0.   0.  
 0.   0.   0.   0.   0.   0.15 0.15 0.15 0.15 0.15 0.15 0.15 0.15 0.15 0.25 0.25 0.25 0.25 0.25 0.25 0.25 0.25 0.25 0.25 0.25 0.25 0.25 0.25 0.25 0.25 0.25 0.25 0.25 0.25 0.25 0.25 0.25 0.25 0.25 0.25 0.25 0.20 0.20 0.20 0.20 0.20 0.25 0.25 0.25 0.20 0.20 0.25 0.25 0.25 0.25 0.25 0.25 0.25 0.25 0.25 0.25 0.25 0.25 0.25 0.25 0.20 0.20 0.20 0.20 0.20 0.25 0.25 0.25 0.25 0.25 0.20 0.   0.   0.   0.   0.  
 0.   0.   0.   0.   0.   0.15 0.15 0.15 0.15 0.15 0.15 0.15 0.15 0.25 0.25 0.25 0.25 0.25 0.25 0.25 0.25 0.25 0.25 0.25 0.25 0.25 0.25 0.25 0.25 0.25 0.25 0.25 0.25 0.25 0.25 0.25 0.25 0.25 0.25 0.25 0.20 0.20 0.20 0.20 0.20 0.20 0.25 0.25 0.20 0.20 0.20 0.25 0.25 0.25 0.25 0.25 0.25 0.25 0.25 0.25 0.25 0.25 0.25 0.25 0.25 0.25 0.25 0.25 0.20 0.20 0.25 0.25 0.25 0.25 0.25 0.15 0.   0.   0.   0.   0.  
 0.   0.   0.   0.   0.   0.15 0.15 0.15 0.15 0.15 0.15 0.15 0.15 0.25 0.25 0.25 0.25 0.25 0.25 0.25 0.25 0.25 0.25 0.25 0.25 0.25 0.25 0.25 0.25 0.25 0.25 0.25 0.25 0.25 0.25 0.25 0.25 0.25 0.25 0.25 0.20 0.20 0.20 0.20 0.20 0.20 0.25 0.25 0.20 0.20 0.20 0.20 0.25 0.25 0.25 0.25 0.25 0.25 0.25 0.25 0.25 0.25 0.25 0.25 0.25 0.25 0.25 0.25 0.25 0.25 0.25 0.25 0.25 0.25 0.25 0.15 0.15 0.   0.   0.   0.  
 0.   0.   0.   0.   0.   0.15 0.15 0.15 0.15 0.15 0.15 0.15 0.25 0.25 0.25 0.25 0.25 0.25 0.25 0.25 0.25 0.25 0.25 0.25 0.25 0.25 0.25 0.25 0.25 0.25 0.25 0.25 0.25 0.25 0.25 0.25 0.25 0.25 0.25 0.25 0.20 0.20 0.20 0.20 0.20 0.20 0.25 0.25 0.20 0.20 0.20 0.20 0.25 0.25 0.25 0.25 0.25 0.25 0.25 0.25 0.25 0.25 0.25 0.25 0.25 0.25 0.25 0.25 0.25 0.25 0.25 0.25 0.25 0.25 0.25 0.15 0.15 0.   0.   0.   0.  
 0.   0.   0.   0.   0.15 0.15 0.15 0.15 0.15 0.15 0.15 0.25 0.25 0.25 0.25 0.25 0.25 0.25 0.25 0.25 0.25 0.25 0.25 0.25 0.25 0.25 0.25 0.25 0.25 0.25 0.25 0.25 0.25 0.25 0.25 0.25 0.25 0.25 0.25 0.25 0.20 0.20 0.20 0.20 0.20 0.20 0.25 0.25 0.20 0.20 0.20 0.20 0.20 0.15 0.15 0.15 0.15 0.15 0.15 0.20 0.25 0.25 0.25 0.25 0.25 0.25 0.25 0.25 0.25 0.25 0.25 0.25 0.25 0.25 0.25 0.15 0.15 0.15 0.   0.   0.  
 0.   0.   0.   0.   0.15 0.15 0.15 0.15 0.15 0.15 0.15 0.25 0.25 0.25 0.25 0.25 0.25 0.20 0.20 0.20 0.20 0.20 0.20 0.20 0.20 0.20 0.20 0.20 0.20 0.20 0.20 0.20 0.25 0.25 0.25 0.25 0.25 0.25 0.25 0.20 0.15 0.15 0.15 0.15 0.15 0.15 0.25 0.25 0.20 0.20 0.20 0.20 0.20 0.15 0.15 0.15 0.15 0.15 0.15 0.20 0.20 0.25 0.25 0.25 0.25 0.25 0.25 0.25 0.25 0.25 0.25 0.25 0.25 0.25 0.25 0.15 0.15 0.15 0.15 0.   0.  
 0.   0.   0.   0.15 0.15 0.15 0.15 0.15 0.15 0.25 0.25 0.25 0.25 0.25 0.15 0.15 0.15 0.15 0.15 0.20 0.20 0.20 0.20 0.20 0.20 0.20 0.20 0.20 0.20 0.20 0.20 0.20 0.25 0.25 0.25 0.25 0.25 0.25 0.25 0.20 0.15 0.15 0.15 0.15 0.15 0.15 0.25 0.25 0.20 0.20 0.20 0.20 0.20 0.15 0.15 0.15 0.15 0.15 0.15 0.20 0.20 0.25 0.25 0.25 0.25 0.25 0.25 0.25 0.25 0.25 0.25 0.25 0.25 0.25 0.25 0.25 0.25 0.15 0.15 0.   0.  
 0.   0.   0.   0.15 0.15 0.15 0.15 0.15 0.15 0.25 0.25 0.25 0.25 0.15 0.15 0.15 0.15 0.15 0.15 0.15 0.20 0.20 0.20 0.20 0.20 0.20 0.20 0.20 0.20 0.20 0.20 0.20 0.25 0.25 0.25 0.25 0.25 0.25 0.25 0.20 0.15 0.15 0.15 0.15 0.15 0.15 0.25 0.25 0.20 0.20 0.15 0.15 0.15 0.15 0.15 0.15 0.15 0.15 0.15 0.20 0.20 0.25 0.25 0.25 0.25 0.25 0.25 0.20 0.20 0.20 0.20 0.25 0.25 0.25 0.25 0.25 0.25 0.25 0.25 0.25 0.  
 0.   0.   0.15 0.15 0.15 0.15 0.15 0.15 0.25 0.25 0.25 0.25 0.15 0.15 0.15 0.15 0.15 0.15 0.15 0.15 0.15 0.20 0.20 0.20 0.20 0.20 0.20 0.20 0.20 0.20 0.20 0.20 0.25 0.25 0.25 0.25 0.25 0.25 0.25 0.20 0.15 0.15 0.15 0.15 0.15 0.15 0.25 0.25 0.20 0.20 0.15 0.15 0.15 0.15 0.15 0.15 0.15 0.15 0.15 0.20 0.20 0.25 0.25 0.20 0.20 0.20 0.20 0.20 0.20 0.20 0.20 0.25 0.25 0.25 0.25 0.25 0.25 0.25 0.25 0.25 0.  
 0.   0.15 0.15 0.15 0.15 0.15 0.25 0.25 0.25 0.25 0.25 0.25 0.15 0.15 0.15 0.15 0.15 0.15 0.15 0.15 0.15 0.15 0.20 0.20 0.20 0.20 0.20 0.20 0.20 0.20 0.20 0.20 0.25 0.25 0.25 0.25 0.25 0.25 0.25 0.25 0.15 0.15 0.15 0.15 0.15 0.15 0.25 0.25 0.20 0.20 0.15 0.15 0.15 0.15 0.15 0.15 0.15 0.15 0.15 0.20 0.20 0.25 0.25 0.20 0.20 0.20 0.20 0.20 0.20 0.20 0.20 0.25 0.25 0.25 0.25 0.25 0.25 0.25 0.25 0.25 0.  
 0.   0.15 0.15 0.15 0.15 0.25 0.25 0.25 0.25 0.15 0.15 0.15 0.15 0.15 0.15 0.15 0.15 0.15 0.15 0.15 0.15 0.15 0.20 0.20 0.20 0.20 0.20 0.20 0.20 0.20 0.20 0.20 0.25 0.25 0.25 0.25 0.25 0.25 0.25 0.25 0.15 0.15 0.15 0.15 0.15 0.15 0.25 0.25 0.25 0.20 0.15 0.15 0.15 0.15 0.15 0.15 0.15 0.15 0.15 0.20 0.20 0.25 0.25 0.20 0.20 0.20 0.20 0.20 0.20 0.20 0.20 0.25 0.25 0.25 0.25 0.25 0.25 0.25 0.   0.   0.  
 0.15 0.15 0.15 0.15 0.15 0.15 0.15 0.15 0.15 0.15 0.15 0.15 0.15 0.15 0.15 0.15 0.15 0.15 0.15 0.15 0.15 0.15 0.15 0.20 0.20 0.20 0.20 0.20 0.20 0.20 0.20 0.20 0.25 0.25 0.25 0.25 0.25 0.25 0.25 0.25 0.15 0.15 0.15 0.15 0.15 0.15 0.15 0.25 0.25 0.20 0.15 0.15 0.15 0.15 0.15 0.15 0.15 0.15 0.15 0.20 0.20 0.25 0.25 0.20 0.20 0.20 0.20 0.20 0.20 0.20 0.20 0.25 0.25 0.25 0.25 0.25 0.25 0.15 0.   0.   0.  
 0.   0.15 0.15 0.15 0.15 0.15 0.15 0.15 0.15 0.15 0.15 0.15 0.15 0.15 0.15 0.15 0.15 0.15 0.15 0.15 0.15 0.15 0.15 0.20 0.20 0.20 0.20 0.20 0.20 0.20 0.20 0.20 0.25 0.25 0.25 0.25 0.25 0.25 0.25 0.20 0.15 0.15 0.15 0.15 0.15 0.15 0.15 0.25 0.25 0.25 0.15 0.15 0.15 0.15 0.15 0.15 0.15 0.15 0.15 0.20 0.20 0.25 0.25 0.20 0.20 0.20 0.20 0.20 0.20 0.20 0.20 0.25 0.25 0.25 0.25 0.20 0.15 0.   0.   0.   0.  
 0.   0.   0.15 0.15 0.15 0.15 0.15 0.15 0.15 0.15 0.15 0.15 0.15 0.15 0.15 0.15 0.15 0.15 0.15 0.15 0.15 0.15 0.15 0.15 0.15 0.20 0.20 0.20 0.20 0.20 0.20 0.20 0.25 0.25 0.25 0.25 0.25 0.25 0.25 0.20 0.15 0.15 0.15 0.15 0.15 0.15 0.15 0.25 0.25 0.25 0.15 0.15 0.15 0.15 0.15 0.15 0.15 0.15 0.15 0.20 0.20 0.25 0.25 0.20 0.20 0.20 0.20 0.20 0.20 0.20 0.25 0.25 0.25 0.25 0.25 0.20 0.15 0.   0.   0.   0.  
 0.   0.   0.   0.15 0.15 0.15 0.15 0.15 0.15 0.15 0.15 0.15 0.15 0.15 0.15 0.15 0.15 0.15 0.15 0.15 0.15 0.15 0.15 0.15 0.15 0.15 0.20 0.20 0.20 0.20 0.20 0.20 0.25 0.25 0.25 0.25 0.25 0.25 0.25 0.20 0.15 0.15 0.15 0.15 0.15 0.15 0.15 0.25 0.25 0.25 0.15 0.15 0.15 0.15 0.15 0.15 0.15 0.15 0.15 0.20 0.20 0.25 0.25 0.20 0.20 0.20 0.20 0.20 0.20 0.20 0.25 0.25 0.25 0.25 0.20 0.20 0.15 0.   0.   0.   0.  
 0.   0.   0.   0.   0.   0.   0.   0.15 0.15 0.15 0.15 0.15 0.15 0.   0.15 0.15 0.15 0.15 0.15 0.15 0.15 0.15 0.15 0.15 0.15 0.15 0.15 0.20 0.20 0.20 0.20 0.20 0.25 0.25 0.25 0.25 0.25 0.25 0.25 0.20 0.15 0.15 0.15 0.15 0.15 0.15 0.15 0.25 0.25 0.25 0.15 0.15 0.15 0.15 0.15 0.15 0.15 0.15 0.15 0.20 0.20 0.25 0.25 0.20 0.20 0.20 0.20 0.20 0.20 0.20 0.25 0.25 0.25 0.25 0.20 0.20 0.   0.   0.   0.   0.  
 0.   0.   0.   0.   0.   0.   0.   0.   0.   0.   0.   0.   0.   0.   0.   0.15 0.15 0.15 0.15 0.15 0.15 0.15 0.15 0.15 0.15 0.15 0.15 0.15 0.20 0.20 0.20 0.20 0.25 0.25 0.25 0.25 0.25 0.25 0.20 0.20 0.15 0.15 0.15 0.15 0.15 0.15 0.15 0.25 0.25 0.25 0.15 0.15 0.15 0.15 0.15 0.15 0.15 0.15 0.15 0.20 0.25 0.25 0.25 0.20 0.20 0.20 0.20 0.20 0.20 0.20 0.25 0.25 0.25 0.25 0.20 0.20 0.   0.   0.   0.   0.  
 0.   0.   0.   0.   0.   0.   0.   0.   0.   0.   0.   0.   0.   0.   0.   0.   0.   0.15 0.15 0.15 0.15 0.15 0.15 0.15 0.15 0.15 0.15 0.15 0.20 0.20 0.20 0.20 0.25 0.25 0.25 0.25 0.25 0.25 0.20 0.20 0.15 0.15 0.15 0.15 0.15 0.15 0.15 0.25 0.25 0.25 0.15 0.15 0.15 0.15 0.15 0.15 0.15 0.15 0.15 0.20 0.25 0.25 0.25 0.20 0.20 0.20 0.20 0.20 0.20 0.20 0.25 0.25 0.25 0.25 0.20 0.20 0.   0.   0.   0.   0.  
 0.   0.   0.   0.   0.   0.   0.   0.   0.   0.   0.   0.   0.   0.   0.   0.   0.   0.15 0.15 0.15 0.15 0.15 0.15 0.15 0.15 0.15 0.15 0.15 0.15 0.20 0.20 0.20 0.25 0.25 0.25 0.25 0.25 0.25 0.20 0.20 0.15 0.15 0.15 0.15 0.15 0.15 0.15 0.25 0.25 0.25 0.15 0.15 0.15 0.15 0.15 0.15 0.15 0.15 0.15 0.20 0.25 0.25 0.25 0.20 0.20 0.20 0.20 0.20 0.20 0.25 0.25 0.25 0.25 0.25 0.20 0.20 0.   0.   0.   0.   0.  
 0.   0.   0.   0.   0.   0.   0.   0.   0.   0.   0.   0.   0.   0.   0.   0.   0.   0.   0.15 0.15 0.15 0.15 0.15 0.15 0.15 0.15 0.15 0.15 0.15 0.20 0.20 0.20 0.25 0.25 0.25 0.25 0.25 0.25 0.20 0.15 0.15 0.15 0.15 0.15 0.15 0.15 0.15 0.25 0.25 0.25 0.15 0.15 0.15 0.15 0.15 0.15 0.15 0.15 0.15 0.20 0.25 0.25 0.25 0.20 0.20 0.20 0.20 0.20 0.20 0.25 0.25 0.25 0.25 0.25 0.20 0.20 0.   0.   0.   0.   0.  
 0.   0.   0.   0.   0.   0.   0.   0.   0.   0.   0.   0.   0.   0.   0.   0.   0.   0.   0.   0.   0.   0.15 0.15 0.15 0.15 0.15 0.15 0.15 0.15 0.20 0.20 0.20 0.25 0.25 0.25 0.25 0.25 0.25 0.20 0.15 0.15 0.15 0.15 0.15 0.15 0.15 0.15 0.25 0.25 0.25 0.20 0.15 0.15 0.15 0.15 0.15 0.15 0.15 0.15 0.20 0.25 0.25 0.25 0.20 0.20 0.20 0.20 0.20 0.20 0.25 0.25 0.25 0.25 0.25 0.20 0.20 0.   0.   0.   0.   0.  
 0.   0.   0.   0.   0.   0.   0.   0.   0.   0.   0.   0.   0.   0.   0.   0.   0.   0.   0.   0.   0.   0.   0.15 0.15 0.15 0.15 0.15 0.15 0.15 0.15 0.20 0.20 0.25 0.25 0.25 0.25 0.25 0.25 0.20 0.15 0.15 0.15 0.15 0.15 0.15 0.15 0.15 0.15 0.15 0.25 0.20 0.15 0.15 0.15 0.15 0.15 0.15 0.15 0.15 0.20 0.25 0.25 0.20 0.20 0.15 0.15 0.20 0.20 0.20 0.25 0.25 0.25 0.25 0.25 0.20 0.20 0.   0.   0.   0.   0.  
 0.   0.   0.   0.   0.   0.   0.   0.   0.   0.   0.   0.   0.   0.   0.   0.   0.   0.   0.   0.   0.   0.   0.   0.15 0.15 0.15 0.15 0.15 0.15 0.15 0.20 0.20 0.25 0.25 0.25 0.25 0.25 0.25 0.20 0.15 0.15 0.15 0.15 0.15 0.15 0.15 0.15 0.15 0.15 0.25 0.20 0.15 0.15 0.15 0.15 0.15 0.15 0.15 0.15 0.20 0.25 0.20 0.20 0.20 0.15 0.15 0.15 0.20 0.20 0.25 0.25 0.25 0.25 0.25 0.20 0.20 0.   0.   0.   0.   0.  
 0.   0.   0.   0.   0.   0.   0.   0.   0.   0.   0.   0.   0.   0.   0.   0.   0.   0.   0.   0.   0.   0.   0.   0.   0.   0.   0.   0.   0.   0.15 0.15 0.20 0.25 0.25 0.25 0.25 0.25 0.25 0.20 0.15 0.15 0.15 0.15 0.15 0.15 0.15 0.15 0.15 0.15 0.25 0.25 0.15 0.15 0.15 0.15 0.15 0.15 0.15 0.15 0.20 0.20 0.20 0.20 0.20 0.15 0.15 0.15 0.20 0.20 0.25 0.25 0.25 0.25 0.25 0.20 0.20 0.   0.   0.   0.   0.  
 0.   0.   0.   0.   0.   0.   0.   0.   0.   0.   0.   0.   0.   0.   0.   0.   0.   0.   0.   0.   0.   0.   0.   0.   0.   0.   0.   0.   0.   0.   0.   0.20 0.25 0.25 0.25 0.25 0.25 0.25 0.15 0.15 0.15 0.15 0.15 0.15 0.15 0.15 0.15 0.15 0.15 0.15 0.25 0.15 0.15 0.15 0.15 0.15 0.15 0.15 0.20 0.20 0.20 0.15 0.15 0.15 0.15 0.15 0.15 0.20 0.25 0.25 0.25 0.25 0.20 0.20 0.20 0.20 0.   0.   0.   0.   0.  
 0.   0.   0.   0.   0.   0.   0.   0.   0.   0.   0.   0.   0.   0.   0.   0.   0.   0.   0.   0.   0.   0.   0.   0.   0.   0.   0.   0.   0.   0.   0.   0.   0.20 0.20 0.20 0.20 0.20 0.20 0.15 0.15 0.15 0.15 0.15 0.15 0.15 0.15 0.15 0.15 0.15 0.15 0.25 0.25 0.15 0.15 0.15 0.15 0.15 0.15 0.15 0.15 0.15 0.15 0.15 0.15 0.15 0.15 0.15 0.20 0.25 0.20 0.25 0.25 0.20 0.20 0.20 0.20 0.   0.   0.   0.   0.  
 0.   0.   0.   0.   0.   0.   0.   0.   0.   0.   0.   0.   0.   0.   0.   0.   0.   0.   0.   0.   0.   0.   0.   0.   0.   0.   0.   0.   0.   0.   0.   0.   0.   0.20 0.20 0.   0.   0.   0.   0.   0.   0.   0.   0.   0.   0.   0.15 0.15 0.15 0.15 0.20 0.25 0.15 0.15 0.15 0.15 0.15 0.15 0.15 0.15 0.15 0.15 0.15 0.15 0.15 0.15 0.20 0.25 0.25 0.20 0.20 0.20 0.20 0.20 0.20 0.20 0.   0.   0.   0.   0.  
 0.   0.   0.   0.   0.   0.   0.   0.   0.   0.   0.   0.   0.   0.   0.   0.   0.   0.   0.   0.   0.   0.   0.   0.   0.   0.   0.   0.   0.   0.   0.   0.   0.   0.   0.   0.   0.   0.   0.   0.   0.   0.   0.   0.   0.   0.   0.15 0.15 0.15 0.15 0.20 0.20 0.15 0.15 0.15 0.15 0.15 0.15 0.15 0.15 0.15 0.15 0.15 0.15 0.15 0.15 0.20 0.25 0.25 0.20 0.20 0.20 0.20 0.20 0.20 0.20 0.   0.   0.   0.   0.  
 0.   0.   0.   0.   0.   0.   0.   0.   0.   0.   0.   0.   0.   0.   0.   0.   0.   0.   0.   0.   0.   0.   0.   0.   0.   0.   0.   0.   0.   0.   0.   0.   0.   0.   0.   0.   0.   0.   0.   0.   0.   0.   0.   0.   0.   0.   0.15 0.15 0.15 0.15 0.20 0.20 0.15 0.15 0.15 0.15 0.15 0.15 0.15 0.15 0.15 0.15 0.15 0.15 0.15 0.15 0.20 0.25 0.20 0.20 0.20 0.20 0.20 0.20 0.20 0.20 0.   0.   0.   0.   0.  
 0.   0.   0.   0.   0.   0.   0.   0.   0.   0.   0.   0.   0.   0.   0.   0.   0.   0.   0.   0.   0.   0.   0.   0.   0.   0.   0.   0.   0.   0.   0.   0.   0.   0.   0.   0.   0.   0.   0.   0.   0.   0.   0.   0.   0.   0.   0.   0.   0.15 0.15 0.20 0.20 0.15 0.15 0.15 0.15 0.15 0.15 0.15 0.15 0.15 0.15 0.15 0.15 0.15 0.20 0.20 0.20 0.20 0.20 0.20 0.20 0.20 0.20 0.20 0.20 0.   0.   0.   0.   0.  
 0.   0.   0.   0.   0.   0.   0.   0.   0.   0.   0.   0.   0.   0.   0.   0.   0.   0.   0.   0.   0.   0.   0.   0.   0.   0.   0.   0.   0.   0.   0.   0.   0.   0.   0.   0.   0.   0.   0.   0.   0.   0.   0.   0.   0.   0.   0.   0.   0.   0.15 0.15 0.15 0.15 0.15 0.15 0.15 0.15 0.15 0.15 0.15 0.15 0.15 0.15 0.15 0.15 0.20 0.20 0.20 0.20 0.20 0.20 0.20 0.20 0.20 0.20 0.15 0.   0.   0.   0.   0.  
 0.   0.   0.   0.   0.   0.   0.   0.   0.   0.   0.   0.   0.   0.   0.   0.   0.   0.   0.   0.   0.   0.   0.   0.   0.   0.   0.   0.   0.   0.   0.   0.   0.   0.   0.   0.   0.   0.   0.   0.   0.   0.   0.   0.   0.   0.   0.   0.   0.   0.15 0.15 0.15 0.15 0.15 0.15 0.15 0.15 0.15 0.15 0.15 0.15 0.15 0.15 0.15 0.15 0.20 0.20 0.20 0.20 0.20 0.20 0.20 0.20 0.20 0.15 0.15 0.   0.   0.   0.   0.  
 0.   0.   0.   0.   0.   0.   0.   0.   0.   0.   0.   0.   0.   0.   0.   0.   0.   0.   0.   0.   0.   0.   0.   0.   0.   0.   0.   0.   0.   0.   0.   0.   0.   0.   0.   0.   0.   0.   0.   0.   0.   0.   0.   0.   0.   0.   0.   0.   0.   0.   0.15 0.15 0.15 0.15 0.15 0.15 0.15 0.15 0.15 0.15 0.15 0.15 0.15 0.15 0.15 0.20 0.20 0.20 0.20 0.20 0.20 0.20 0.20 0.20 0.15 0.15 0.   0.   0.   0.   0.  
 0.   0.   0.   0.   0.   0.   0.   0.   0.   0.   0.   0.   0.   0.   0.   0.   0.   0.   0.   0.   0.   0.   0.   0.   0.   0.   0.   0.   0.   0.   0.   0.   0.   0.   0.   0.   0.   0.   0.   0.   0.   0.   0.   0.   0.   0.   0.   0.   0.   0.   0.   0.   0.   0.   0.   0.   0.15 0.15 0.15 0.15 0.15 0.15 0.15 0.15 0.20 0.20 0.20 0.20 0.20 0.20 0.20 0.20 0.20 0.20 0.15 0.15 0.   0.   0.   0.   0.  
 0.   0.   0.   0.   0.   0.   0.   0.   0.   0.   0.   0.   0.   0.   0.   0.   0.   0.   0.   0.   0.   0.   0.   0.   0.   0.   0.   0.   0.   0.   0.   0.   0.   0.   0.   0.   0.   0.   0.   0.   0.   0.   0.   0.   0.   0.   0.   0.   0.   0.   0.   0.   0.   0.   0.   0.   0.15 0.15 0.15 0.15 0.15 0.20 0.20 0.20 0.20 0.20 0.20 0.20 0.20 0.20 0.20 0.20 0.20 0.20 0.15 0.   0.   0.   0.   0.   0.  
 0.   0.   0.   0.   0.   0.   0.   0.   0.   0.   0.   0.   0.   0.   0.   0.   0.   0.   0.   0.   0.   0.   0.   0.   0.   0.   0.   0.   0.   0.   0.   0.   0.   0.   0.   0.   0.   0.   0.   0.   0.   0.   0.   0.   0.   0.   0.   0.   0.   0.   0.   0.   0.   0.   0.   0.   0.   0.15 0.15 0.15 0.20 0.20 0.20 0.20 0.   0.   0.   0.   0.   0.   0.   0.   0.   0.   0.15 0.   0.   0.   0.   0.   0.  
 0.   0.   0.   0.   0.   0.   0.   0.   0.   0.   0.   0.   0.   0.   0.   0.   0.   0.   0.   0.   0.   0.   0.   0.   0.   0.   0.   0.   0.   0.   0.   0.   0.   0.   0.   0.   0.   0.   0.   0.   0.   0.   0.   0.   0.   0.   0.   0.   0.   0.   0.   0.   0.   0.   0.   0.   0.   0.   0.15 0.15 0.20 0.20 0.   0.   0.   0.   0.   0.   0.   0.   0.   0.   0.   0.   0.   0.   0.   0.   0.   0.   0.  
 0.   0.   0.   0.   0.   0.   0.   0.   0.   0.   0.   0.   0.   0.   0.   0.   0.   0.   0.   0.   0.   0.   0.   0.   0.   0.   0.   0.   0.   0.   0.   0.   0.   0.   0.   0.   0.   0.   0.   0.   0.   0.   0.   0.   0.   0.   0.   0.   0.   0.   0.   0.   0.   0.   0.   0.   0.   0.   0.15 0.15 0.20 0.   0.   0.   0.   0.   0.   0.   0.   0.   0.   0.   0.   0.   0.   0.   0.   0.   0.   0.   0.  