         1        86       142    37.993 1.837e-02    37.493
         1        86       143    37.945 1.837e-02    37.445
         1        87       140    38.201 1.837e-02    37.701
         1        87       141    38.132 1.837e-02    37.632
         1        87       142    38.042 1.837e-02    37.542
         1        87       143    37.891 1.837e-02    37.391
         1        87       144    37.841 1.837e-02    37.341
         1        87       145    37.746 1.837e-02    37.246
         1        87       146    37.650 1.837e-02    37.150
         1        87       147    37.600 1.837e-02    37.100
         1        88       135    38.699 1.837e-02    38.199
         1        88       136    38.612 1.837e-02    38.112
         1        88       137    38.518 1.837e-02    38.018
         1        88       138    38.418 1.837e-02    37.918
         1        88       139    38.327 1.837e-02    37.827
         1        88       140    38.250 1.837e-02    37.750
         1        88       147    37.552 1.837e-02    37.052
         1        89       133    38.895 1.837e-02    38.395
         1        89       134    38.833 1.837e-02    38.333
         1        89       135    38.763 1.837e-02    38.263
         1        90       127    39.480 1.837e-02    38.980
         1        90       128    39.398 1.837e-02    38.898
         1        90       129    39.305 1.837e-02    38.805
         1        90       130    39.196 1.837e-02    38.696
         1        90       131    39.117 1.837e-02    38.617
         1        90       132    39.023 1.837e-02    38.523
         1        90       133    38.942 1.837e-02    38.442
         1        91       124    39.756 1.837e-02    39.256
         1        91       125    39.683 1.837e-02    39.183
         1        91       126    39.580 1.837e-02    39.080
         1        91       127    39.527 1.837e-02    39.027
         1        92       122    39.952 1.837e-02    39.452
         1        92       123    39.866 1.837e-02    39.366
         1        92       124    39.804 1.837e-02    39.304
         1        93       121    40.060 1.837e-02    39.560
         1        93       122    40.010 1.837e-02    39.510
         1        94       119    40.267 1.837e-02    39.767
         1        94       120    40.216 1.837e-02    39.716
         1        94       121    40.108 1.837e-02    39.608
         1        95       117    40.494 1.837e-02    39.994
         1        95       118    40.409 1.837e-02    39.909
         1        95       119    40.315 1.837e-02    39.815
         1        96       114    40.764 1.837e-02    40.264
         1        96       115    40.698 1.837e-02    40.198
         1        96       116    40.602 1.837e-02    40.102
         1        96       117    40.542 1.837e-02    40.042
         1        97       112    40.973 1.837e-02    40.473
         1        97       113    40.893 1.837e-02    40.393
         1        97       114    40.815 1.837e-02    40.315
         1        98       110    41.180 1.837e-02    40.680
         1        98       111    41.088 1.837e-02    40.588
         1        98       112    41.022 1.837e-02    40.522
         1        99       108    41.385 1.837e-02    40.885
         1        99       109    41.284 1.837e-02    40.784
         1        99       110    41.229 1.837e-02    40.729
         1       100       106    41.563 1.837e-02    41.063
         1       100       107    41.483 1.837e-02    40.983
         1       100       108    41.430 1.837e-02    40.930
         1       101       104    41.747 1.837e-02    41.247
         1       101       105    41.687 1.837e-02    41.187
         1       101       106    41.614 1.837e-02    41.114
         1       102        99    42.243 1.837e-02    41.743
         1       102       100    42.167 1.837e-02    41.667
         1       102       101    42.073 1.837e-02    41.573
         1       102       102    41.980 1.837e-02    41.480
         1       102       103    41.871 1.837e-02    41.371
         1       102       104    41.798 1.837e-02    41.298
         1       103        71    45.044 1.837e-02    44.544
         1       103        72    44.980 1.837e-02    44.480
         1       103        73    44.877 1.837e-02    44.377
         1       103        74    44.793 1.837e-02    44.293
         1       103        92    42.905 1.837e-02    42.405
         1       103        93    42.820 1.837e-02    42.320
         1       103        94    42.727 1.837e-02    42.227
         1       103        95    42.634 1.837e-02    42.134
         1       103        96    42.540 1.837e-02    42.040
         1       103        97    42.447 1.837e-02    41.947
         1       103        98    42.353 1.837e-02    41.853
         1       103        99    42.290 1.837e-02    41.790
         1       104        70    45.158 1.837e-02    44.658
         1       104        71    45.113 1.837e-02    44.613
         1       104        74    44.739 1.837e-02    44.239
         1       104        75    44.690 1.837e-02    44.190
         1       104        77    44.382 1.837e-02    43.882
         1       104        78    44.327 1.837e-02    43.827
         1       104        79    44.248 1.837e-02    43.748
         1       104        91    43.012 1.837e-02    42.512
         1       104        92    42.970 1.837e-02    42.470
         1       105        69    45.271 1.837e-02    44.771
         1       105        70    45.216 1.837e-02    44.716
         1       105        75    44.626 1.837e-02    44.126
         1       105        76    44.526 1.837e-02    44.026
         1       105        77    44.437 1.837e-02    43.937
         1       105        79    44.200 1.837e-02    43.700
         1       105        80    44.125 1.837e-02    43.625
         1       105        81    44.055 1.837e-02    43.555
         1       105        90    43.126 1.837e-02    42.626
         1       105        91    43.069 1.837e-02    42.569
         1       106        68    45.385 1.837e-02    44.885
         1       106        69    45.329 1.837e-02    44.829
         1       106        81    44.003 1.837e-02    43.503
         1       106        82    43.940 1.837e-02    43.440
         1       106        83    43.833 1.837e-02    43.333
         1       106        84    43.748 1.837e-02    43.248
         1       106        85    43.646 1.837e-02    43.146
         1       106        86    43.553 1.837e-02    43.053
         1       106        87    43.460 1.837e-02    42.960
         1       106        88    43.366 1.837e-02    42.866
         1       106        89    43.259 1.837e-02    42.759
         1       106        90    43.183 1.837e-02    42.683
         1       107        67    45.498 1.837e-02    44.998
         1       107        68    45.434 1.837e-02    44.934
         1       108        66    45.610 1.837e-02    45.110
         1       108        67    45.568 1.837e-02    45.068
         1       109        66    45.659 1.837e-02    45.159
         1       110        65    45.774 1.837e-02    45.274
         1       110        66    45.725 1.837e-02    45.225
         1       111        64    45.889 1.837e-02    45.389
         1       111        65    45.831 1.837e-02    45.331
         1       112        63    46.004 1.837e-02    45.504
         1       112        64    45.946 1.837e-02    45.446
         1       113        62    46.119 1.837e-02    45.619
         1       113        63    46.061 1.837e-02    45.561
         1       114        61    46.234 1.837e-02    45.734
         1       114        62    46.176 1.837e-02    45.676
         1       115        60    46.349 1.837e-02    45.849
         1       115        61    46.291 1.837e-02    45.791
         1       116        59    46.464 1.837e-02    45.964
         1       116        60    46.406 1.837e-02    45.906
         1       117        58    46.579 1.837e-02    46.079
         1       117        59    46.521 1.837e-02    46.021
         1       118        57    46.694 1.837e-02    46.194
         1       118        58    46.636 1.837e-02    46.136
         1       119        56    46.809 1.837e-02    46.309
         1       119        57    46.751 1.837e-02    46.251
         1       120        55    46.924 1.837e-02    46.424
         1       120        56    46.865 1.837e-02    46.365
         1       121        54    47.039 1.837e-02    46.539
         1       121        55    46.980 1.837e-02    46.480
         1       122        53    47.154 1.837e-02    46.654
         1       122        54    47.095 1.837e-02    46.595
         1       123        52    47.269 1.837e-02    46.769
         1       123        53    47.210 1.837e-02    46.710
         1       124        51    47.384 1.837e-02    46.884
         1       124        52    47.325 1.837e-02    46.825
         1       125        50    47.505 1.837e-02    47.005
         1       125        51    47.440 1.837e-02    46.940
         1       126        48    47.679 1.837e-02    47.179
         1       126        49    47.620 1.837e-02    47.120
         1       126        50    47.556 1.837e-02    47.056
         1       127        47    47.801 1.837e-02    47.301
         1       127        48    47.732 1.837e-02    47.232
         1       128        46    47.924 1.837e-02    47.424
         1       128        47    47.854 1.837e-02    47.354
         1       129        44    48.100 1.837e-02    47.600
         1       129        45    48.044 1.837e-02    47.544
         1       129        46    47.977 1.837e-02    47.477
         1       130        43    48.222 1.837e-02    47.722
         1       130        44    48.153 1.837e-02    47.653
         1       131        42    48.345 1.837e-02    47.845
         1       131        43    48.275 1.837e-02    47.775
         1       132        40    48.521 1.837e-02    48.021
         1       132        41    48.467 1.837e-02    47.967
         1       132        42    48.398 1.837e-02    47.898
         1       133        39    48.644 1.837e-02    48.144
         1       133        40    48.574 1.837e-02    48.074
         1       134        38    48.766 1.837e-02    48.266
         1       134        39    48.697 1.837e-02    48.197
         1       135         6    51.977 1.837e-02    51.477
         1       135         7    51.970 1.837e-02    51.470
         1       135        36    48.958 1.837e-02    48.458
         1       135        37    48.883 1.837e-02    48.383
         1       135        38    48.819 1.837e-02    48.319
         1       136         7    51.913 1.837e-02    51.413
         1       136         8    51.855 1.837e-02    51.355
         1       136        34    49.163 1.837e-02    48.663
         1       136        35    49.086 1.837e-02    48.586
         1       136        36    49.007 1.837e-02    48.507
         1       137         8    51.798 1.837e-02    51.298
         1       137         9    51.741 1.837e-02    51.241
         1       137        32    49.368 1.837e-02    48.868
         1       137        33    49.282 1.837e-02    48.782
         1       137        34    49.212 1.837e-02    48.712
         1       138         9    51.684 1.837e-02    51.184
         1       138        10    51.626 1.837e-02    51.126
         1       138        30    49.550 1.837e-02    49.050
         1       138        31    49.480 1.837e-02    48.980
         1       138        32    49.419 1.837e-02    48.919
         1       139        10    51.569 1.837e-02    51.069
         1       139        11    51.511 1.837e-02    51.011
         1       139        29    49.681 1.837e-02    49.181
         1       139        30    49.601 1.837e-02    49.101
         1       140        11    51.454 1.837e-02    50.954
         1       140        12    51.397 1.837e-02    50.897
         1       140        27    49.863 1.837e-02    49.363
         1       140        28    49.788 1.837e-02    49.288
         1       140        29    49.732 1.837e-02    49.232
         1       141        12    51.340 1.837e-02    50.840
         1       141        13    51.282 1.837e-02    50.782
         1       141        25    50.046 1.837e-02    49.546
         1       141        26    49.993 1.837e-02    49.493
         1       141        27    49.915 1.837e-02    49.415
         1       142        13    51.225 1.837e-02    50.725
         1       142        14    51.167 1.837e-02    50.667
         1       142        16    50.935 1.837e-02    50.435
         1       142        17    50.848 1.837e-02    50.348
         1       142        18    50.755 1.837e-02    50.255
         1       142        19    50.662 1.837e-02    50.162
         1       142        20    50.569 1.837e-02    50.069
         1       142        21    50.476 1.837e-02    49.976
         1       142        22    50.383 1.837e-02    49.883
         1       142        23    50.289 1.837e-02    49.789
         1       142        24    50.191 1.837e-02    49.691
         1       142        25    50.097 1.837e-02    49.597
         1       143        14    51.129 1.837e-02    50.629
         1       143        15    51.035 1.837e-02    50.535
         1       143        16    50.981 1.837e-02    50.481
