    0.    0.    0.    0.    0.    0.    0.    0.    0.    0.    0.    0.    0.    0.    0.    0.    0.    0.    0.    0.    0.    0.    0.    0.    0.    0.    0.    0.    0.    0.    0.    0.    0.    0.    0.    0.    0.    0.    0.    0.    0.    0.    0.    0.    0.    0.    0.    0.    0.    0.    0.    0.    0.    0.    0.    0.    0.    0.    0.    0.    0.    0.    0. 2112. 2111.    0.    0.    0.    0.    0.    0.    0.    0.    0.    0.    0.    0.    0.    0.    0.    0.
    0.    0.    0.    0.    0.    0.    0.    0.    0.    0.    0.    0.    0.    0.    0.    0.    0.    0.    0.    0.    0.    0.    0.    0.    0.    0.    0.    0.    0.    0.    0.    0.    0.    0.    0.    0.    0.    0.    0.    0.    0.    0.    0.    0.    0.    0.    0.    0.    0.    0.    0.    0.    0.    0.    0.    0.    0.    0.    0.    0.    0.    0. 2111. 2111. 2110.    0.    0.    0.    0.    0.    0.    0.    0.    0.    0.    0.    0.    0.    0.    0.    0.
    0.    0.    0.    0.    0.    0.    0.    0.    0.    0.    0.    0.    0.    0.    0.    0.    0.    0.    0.    0.    0.    0.    0.    0.    0.    0.    0.    0.    0.    0.    0.    0.    0.    0.    0.    0.    0.    0.    0.    0.    0.    0.    0.    0.    0.    0.    0.    0.    0.    0.    0.    0.    0.    0.    0.    0.    0.    0.    0.    0.    0.    0. 2111. 2110. 2109.    0.    0.    0.    0.    0.    0.    0.    0.    0.    0.    0.    0.    0.    0.    0.    0.
    0.    0.    0.    0.    0.    0.    0.    0.    0.    0.    0.    0.    0.    0.    0.    0.    0.    0.    0.    0.    0.    0.    0.    0.    0.    0.    0.    0.    0.    0.    0.    0.    0.    0.    0.    0.    0.    0.    0.    0.    0.    0.    0.    0.    0.    0.    0.    0.    0.    0.    0.    0.    0.    0.    0.    0.    0.    0.    0.    0.    0. 2110. 2110. 2109. 2108.    0.    0.    0.    0.    0.    0.    0.    0.    0.    0.    0.    0.    0.    0.    0.    0.
    0.    0.    0.    0.    0.    0.    0.    0.    0.    0.    0.    0.    0.    0.    0.    0.    0.    0.    0.    0.    0.    0.    0.    0.    0.    0.    0.    0.    0.    0.    0.    0.    0.    0.    0.    0.    0.    0.    0.    0.    0.    0.    0.    0.    0.    0.    0.    0.    0.    0.    0.    0.    0.    0.    0.    0.    0.    0.    0.    0.    0. 2109. 2109. 2108. 2107. 2106.    0.    0.    0.    0.    0.    0.    0.    0.    0.    0.    0.    0.    0.    0.    0.
    0.    0.    0.    0.    0.    0.    0.    0.    0.    0.    0.    0.    0.    0.    0.    0.    0.    0.    0.    0.    0.    0.    0.    0.    0.    0.    0.    0.    0.    0.    0.    0.    0.    0.    0.    0.    0.    0.    0.    0.    0.    0.    0.    0.    0.    0.    0.    0.    0.    0.    0.    0.    0.    0.    0.    0.    0.    0.    0.    0.    0. 2109. 2108. 2106. 2105. 2104. 2104.    0.    0.    0.    0.    0.    0.    0.    0.    0.    0.    0.    0.    0.    0.
    0.    0.    0.    0.    0.    0.    0.    0.    0.    0.    0.    0.    0.    0.    0.    0.    0.    0.    0.    0.    0.    0.    0.    0.    0.    0.    0.    0.    0.    0.    0.    0.    0.    0.    0.    0.    0.    0.    0.    0.    0.    0.    0.    0.    0.    0.    0.    0.    0.    0.    0.    0.    0.    0.    0.    0.    0.    0.    0.    0. 2108. 2108. 2107. 2105. 2104. 2103. 2103. 2102.    0.    0.    0.    0.    0.    0.    0.    0.    0.    0.    0.    0.    0.
    0.    0.    0.    0.    0.    0.    0.    0.    0.    0.    0.    0.    0.    0.    0.    0.    0.    0.    0.    0.    0.    0.    0.    0.    0.    0.    0.    0.    0.    0.    0.    0.    0.    0.    0.    0.    0.    0.    0.    0.    0.    0.    0.    0.    0.    0.    0.    0.    0.    0.    0.    0.    0.    0.    0.    0.    0.    0.    0.    0. 2108. 2107. 2106. 2104. 2102. 2102. 2102. 2101. 2100. 2098. 2098.    0.    0.    0.    0.    0.    0.    0.    0.    0.    0.
    0.    0.    0.    0.    0.    0.    0.    0.    0.    0.    0.    0.    0.    0.    0.    0.    0.    0.    0.    0.    0.    0.    0.    0.    0.    0.    0.    0.    0.    0.    0.    0.    0.    0.    0.    0.    0.    0.    0.    0.    0.    0.    0.    0.    0.    0.    0.    0. 2154. 2153.    0.    0.    0.    0.    0.    0.    0.    0. 2109. 2109. 2107. 2106. 2104. 2102. 2101. 2100. 2100. 2100. 2099. 2098. 2096. 2095. 2094. 2093. 2092.    0.    0.    0.    0.    0.    0.
    0.    0.    0.    0.    0.    0.    0.    0.    0.    0.    0.    0.    0.    0.    0.    0.    0.    0.    0.    0.    0.    0.    0.    0.    0.    0.    0.    0.    0.    0.    0.    0.    0.    0.    0.    0.    0.    0.    0.    0.    0.    0.    0.    0.    0.    0.    0. 2155. 2153. 2149. 2144. 2140. 2136.    0.    0.    0. 2113. 2111. 2109. 2108. 2106. 2105. 2103. 2101. 2099. 2099. 2098. 2098. 2097. 2096. 2095. 2094. 2093. 2092. 2091. 2090.    0.    0.    0.    0.    0.
    0.    0.    0.    0.    0.    0.    0.    0.    0.    0.    0.    0.    0.    0.    0.    0.    0.    0.    0.    0.    0.    0.    0.    0.    0.    0.    0.    0.    0.    0.    0.    0.    0.    0.    0.    0.    0.    0.    0.    0.    0.    0.    0.    0.    0.    0. 2157. 2154. 2150. 2145. 2140. 2136. 2131. 2126. 2121. 2117. 2113. 2110. 2108. 2107. 2105. 2103. 2101. 2099. 2097. 2097. 2096. 2096. 2095. 2094. 2093. 2092. 2091. 2090. 2089. 2088.    0.    0.    0.    0.    0.
    0.    0.    0.    0.    0.    0.    0.    0.    0.    0.    0.    0.    0.    0.    0.    0.    0.    0.    0.    0.    0.    0.    0.    0.    0.    0.    0.    0.    0.    0.    0.    0.    0.    0.    0.    0.    0.    0.    0.    0.    0.    0.    0.    0.    0.    0. 2157. 2153. 2147. 2140. 2136. 2131. 2127. 2123. 2119. 2115. 2112. 2109. 2107. 2105. 2103. 2101. 2099. 2096. 2095. 2094. 2094. 2093. 2092. 2091. 2090. 2089. 2088. 2087. 2087. 2086. 2084.    0.    0.    0.    0.
    0.    0.    0.    0.    0.    0.    0.    0.    0.    0.    0.    0.    0.    0.    0.    0.    0.    0.    0.    0.    0.    0.    0.    0.    0.    0.    0.    0.    0.    0.    0.    0.    0.    0.    0.    0.    0.    0.    0.    0.    0.    0.    0.    0. 2170. 2166. 2159. 2153. 2145. 2138. 2134. 2129. 2125. 2120. 2116. 2113. 2109. 2107. 2105. 2103. 2101. 2098. 2096. 2094. 2092. 2092. 2091. 2090. 2089. 2088. 2087. 2086. 2085. 2084. 2084. 2083. 2082. 2081.    0.    0.    0.
    0.    0.    0.    0.    0.    0.    0.    0.    0.    0.    0.    0.    0.    0.    0.    0.    0.    0.    0.    0.    0.    0.    0.    0.    0.    0.    0.    0.    0.    0.    0.    0.    0.    0.    0.    0.    0.    0.    0.    0.    0. 2190. 2185. 2179. 2172. 2165. 2159. 2151. 2143. 2136. 2132. 2126. 2121. 2116. 2112. 2109. 2106. 2104. 2102. 2100. 2098. 2095. 2093. 2091. 2089. 2088. 2088. 2087. 2085. 2084. 2083. 2082. 2081. 2081. 2080. 2080. 2080. 2079. 2078.    0.    0.
    0.    0.    0.    0.    0.    0.    0.    0.    0.    0.    0.    0.    0.    0.    0.    0.    0.    0.    0.    0.    0.    0.    0.    0.    0.    0.    0.    0.    0.    0.    0.    0.    0.    0.    0.    0.    0.    0.    0.    0. 2197. 2191. 2184. 2178. 2171. 2164. 2157. 2149. 2142. 2135. 2128. 2121. 2116. 2111. 2107. 2104. 2102. 2100. 2098. 2096. 2094. 2092. 2090. 2088. 2086. 2085. 2084. 2083. 2081. 2080. 2078. 2078. 2077. 2076. 2076. 2076. 2076. 2077. 2076. 2076.    0.
    0.    0.    0.    0.    0.    0.    0.    0.    0.    0.    0.    0.    0.    0.    0.    0.    0.    0.    0.    0.    0.    0.    0.    0.    0.    0.    0.    0.    0.    0.    0.    0.    0.    0.    0.    0.    0.    0.    0. 2200. 2197. 2190. 2182. 2175. 2167. 2160. 2153. 2145. 2138. 2131. 2123. 2116. 2108. 2105. 2101. 2098. 2097. 2095. 2093. 2092. 2090. 2088. 2086. 2084. 2082. 2081. 2080. 2078. 2076. 2074. 2073. 2072. 2072. 2071. 2071. 2071. 2072. 2073. 2074. 2075.    0.
    0.    0.    0.    0.    0.    0.    0.    0.    0.    0.    0.    0.    0.    0.    0.    0.    0.    0.    0.    0.    0.    0.    0.    0.    0.    0.    0.    0.    0.    0.    0.    0.    0.    0.    0.    0.    0.    0.    0. 2197. 2193. 2187. 2178. 2168. 2161. 2154. 2147. 2139. 2132. 2125. 2116. 2107. 2100. 2097. 2094. 2092. 2090. 2089. 2088. 2087. 2086. 2084. 2083. 2080. 2079. 2078. 2076. 2073. 2071. 2070. 2069. 2068. 2068. 2067. 2067. 2068. 2068. 2070. 2072. 2072.    0.
    0.    0.    0.    0.    0.    0.    0.    0.    0.    0.    0.    0.    0.    0.    0.    0.    0.    0.    0.    0.    0.    0.    0.    0.    0.    0.    0.    0.    0.    0.    0.    0.    0.    0.    0.    0.    0.    0.    0. 2190. 2186. 2178. 2167. 2159. 2152. 2145. 2138. 2131. 2124. 2116. 2107. 2098. 2091. 2088. 2086. 2085. 2084. 2083. 2082. 2082. 2081. 2080. 2079. 2077. 2075. 2074. 2072. 2070. 2069. 2068. 2067. 2066. 2066. 2065. 2065. 2066. 2066. 2068. 2069. 2070.    0.
    0.    0.    0.    0.    0.    0.    0.    0.    0.    0.    0.    0.    0.    0.    0.    0.    0.    0.    0.    0.    0.    0.    0.    0.    0.    0.    0.    0.    0.    0.    0.    0.    0.    0. 2199. 2196. 2192. 2187. 2182. 2179. 2173. 2162. 2153. 2147. 2141. 2135. 2128. 2121. 2113. 2105. 2096. 2086. 2079. 2078. 2077. 2076. 2076. 2076. 2076. 2076. 2076. 2076. 2075. 2073. 2072. 2070. 2068. 2067. 2066. 2065. 2064. 2063. 2063. 2063. 2063. 2063. 2064. 2065. 2067. 2068. 2068.
    0.    0.    0.    0.    0.    0.    0.    0.    0.    0.    0.    0.    0.    0.    0.    0.    0.    0.    0.    0.    0.    0.    0.    0.    0.    0.    0.    0.    0.    0.    0.    0. 2204. 2200. 2195. 2190. 2185. 2180. 2173. 2165. 2157. 2148. 2142. 2136. 2129. 2123. 2116. 2109. 2101. 2093. 2084. 2073. 2065. 2066. 2067. 2068. 2068. 2069. 2070. 2071. 2071. 2071. 2071. 2070. 2069. 2067. 2065. 2064. 2063. 2062. 2061. 2060. 2060. 2060. 2061. 2061. 2062. 2063. 2065. 2067. 2067.
    0.    0.    0.    0.    0.    0.    0.    0.    0.    0.    0.    0.    0.    0.    0.    0.    0.    0.    0.    0.    0.    0.    0.    0.    0.    0.    0.    0.    0. 2220. 2214. 2207. 2200. 2194. 2187. 2182. 2176. 2169. 2160. 2151. 2144. 2137. 2130. 2123. 2116. 2110. 2103. 2096. 2088. 2080. 2071. 2060. 2054. 2056. 2057. 2059. 2061. 2062. 2064. 2065. 2066. 2066. 2067. 2066. 2066. 2065. 2063. 2062. 2060. 2058. 2057. 2057. 2057. 2058. 2058. 2059. 2060. 2062. 2064. 2065. 2066.
    0.    0.    0.    0.    0.    0.    0.    0.    0.    0.    0.    0.    0.    0.    0.    0.    0.    0.    0.    0.    0.    0.    0.    0.    0.    0. 2240. 2227. 2221. 2215. 2207. 2199. 2193. 2186. 2178. 2170. 2164. 2156. 2148. 2142. 2134. 2126. 2118. 2110. 2102. 2095. 2088. 2081. 2072. 2065. 2058. 2050. 2048. 2047. 2047. 2050. 2053. 2055. 2057. 2059. 2060. 2061. 2062. 2062. 2062. 2062. 2061. 2060. 2058. 2056. 2054. 2054. 2055. 2056. 2056. 2057. 2058. 2060. 2062. 2064. 2065.
    0.    0.    0.    0.    0.    0.    0.    0.    0.    0.    0.    0.    0.    0.    0.    0.    0.    0.    0.    0.    0.    0.    0.    0. 2259. 2249. 2236. 2223. 2214. 2205. 2197. 2190. 2183. 2175. 2167. 2159. 2154. 2147. 2140. 2132. 2124. 2115. 2106. 2096. 2085. 2078. 2072. 2065. 2058. 2054. 2049. 2044. 2041. 2039. 2039. 2042. 2045. 2048. 2050. 2053. 2055. 2056. 2057. 2058. 2058. 2058. 2058. 2057. 2056. 2054. 2052. 2052. 2053. 2054. 2056. 2056. 2057. 2059. 2062. 2063. 2064.
    0.    0.    0.    0.    0.    0.    0.    0.    0.    0.    0.    0.    0.    0.    0.    0.    0.    0.    0.    0.    0.    0. 2285. 2274. 2259. 2244. 2229. 2213. 2202. 2192. 2184. 2177. 2171. 2163. 2156. 2151. 2146. 2139. 2131. 2122. 2113. 2103. 2093. 2081. 2070. 2065. 2060. 2056. 2052. 2048. 2044. 2038. 2034. 2034. 2033. 2033. 2037. 2040. 2044. 2046. 2049. 2051. 2052. 2053. 2054. 2054. 2054. 2053. 2052. 2051. 2049. 2050. 2051. 2052. 2054. 2056. 2057. 2059. 2061. 2062. 2064.
    0.    0.    0.    0.    0.    0.    0.    0.    0.    0.    0.    0.    0.    0.    0.    0.    0.    0.    0.    0. 2313. 2302. 2286. 2270. 2252. 2236. 2218. 2201. 2189. 2180. 2173. 2166. 2160. 2153. 2148. 2143. 2136. 2129. 2121. 2112. 2102. 2092. 2081. 2070. 2062. 2058. 2054. 2050. 2047. 2043. 2039. 2033. 2029. 2028. 2028. 2026. 2029. 2033. 2037. 2040. 2042. 2045. 2047. 2048. 2049. 2050. 2050. 2050. 2049. 2048. 2046. 2047. 2048. 2049. 2052. 2054. 2057. 2059. 2060. 2062.    0.
    0.    0.    0.    0.    0.    0.    0.    0.    0.    0.    0.    0.    0.    0.    0.    0.    0.    0. 2331. 2324. 2313. 2298. 2280. 2260. 2241. 2225. 2207. 2192. 2179. 2170. 2163. 2157. 2151. 2145. 2139. 2133. 2127. 2119. 2111. 2101. 2091. 2079. 2067. 2058. 2054. 2050. 2047. 2044. 2041. 2038. 2034. 2030. 2026. 2024. 2023. 2021. 2023. 2027. 2030. 2033. 2036. 2038. 2041. 2042. 2044. 2045. 2045. 2046. 2046. 2046. 2045. 2045. 2046. 2046. 2048. 2052. 2056. 2058. 2060.    0.    0.
    0.    0.    0.    0.    0.    0.    0.    0.    0.    0.    0.    0.    0.    0.    0.    0.    0. 2332. 2328. 2319. 2306. 2287. 2267. 2248. 2230. 2215. 2199. 2184. 2169. 2159. 2152. 2146. 2140. 2134. 2129. 2123. 2117. 2109. 2101. 2090. 2078. 2064. 2055. 2049. 2046. 2043. 2041. 2038. 2036. 2033. 2030. 2026. 2022. 2019. 2018. 2017. 2017. 2020. 2023. 2026. 2029. 2032. 2034. 2037. 2038. 2040. 2041. 2042. 2042. 2043. 2043. 2043. 2043. 2043. 2045. 2046.    0.    0.    0.    0.    0.
    0.    0.    0.    0.    0.    0.    0.    0.    0.    0.    0.    0.    0.    0.    0.    0. 2339. 2329. 2320. 2309. 2295. 2276. 2257. 2237. 2221. 2206. 2192. 2178. 2163. 2149. 2141. 2135. 2128. 2122. 2117. 2113. 2106. 2098. 2089. 2079. 2065. 2055. 2049. 2042. 2038. 2035. 2033. 2032. 2031. 2028. 2025. 2021. 2017. 2014. 2013. 2012. 2011. 2013. 2016. 2018. 2021. 2025. 2028. 2030. 2033. 2034. 2036. 2037. 2038. 2039. 2040. 2041. 2041. 2041. 2041. 2042.    0.    0.    0.    0.    0.
    0.    0.    0.    0.    0.    0.    0.    0.    0.    0.    0. 2418. 2406. 2392. 2378. 2361. 2340. 2320. 2308. 2297. 2284. 2266. 2245. 2226. 2210. 2196. 2183. 2170. 2155. 2141. 2135. 2128. 2121. 2114. 2109. 2103. 2094. 2086. 2078. 2067. 2057. 2050. 2043. 2037. 2034. 2030. 2028. 2026. 2025. 2023. 2021. 2017. 2012. 2009. 2008. 2007. 2006. 2006. 2007. 2010. 2014. 2018. 2021. 2024. 2026. 2029. 2030. 2032. 2034. 2035. 2036. 2037. 2038. 2037. 2037. 2037.    0.    0.    0.    0.    0.
    0.    0.    0.    0.    0.    0.    0.    0.    0.    0. 2450. 2418. 2406. 2394. 2379. 2360. 2333. 2309. 2301. 2291. 2277. 2259. 2237. 2218. 2204. 2189. 2176. 2165. 2154. 2144. 2135. 2127. 2119. 2111. 2104. 2094. 2086. 2079. 2071. 2063. 2055. 2048. 2043. 2038. 2034. 2030. 2026. 2022. 2021. 2019. 2016. 2012. 2008. 2005. 2004. 2003. 2001. 2001. 2001. 2002. 2006. 2011. 2014. 2018. 2020. 2022. 2025. 2027. 2028. 2030. 2032. 2033. 2033. 2033. 2032. 2033.    0.    0.    0.    0.    0.
    0.    0.    0.    0.    0.    0.    0.    0.    0. 2486. 2450. 2425. 2408. 2395. 2380. 2361. 2334. 2309. 2301. 2291. 2277. 2259. 2237. 2218. 2203. 2188. 2175. 2164. 2154. 2144. 2135. 2126. 2117. 2109. 2100. 2092. 2085. 2077. 2071. 2063. 2056. 2049. 2044. 2039. 2034. 2030. 2025. 2021. 2018. 2015. 2011. 2007. 2003. 2001. 2000. 1999. 1997. 1997. 1997. 1997. 2000. 2004. 2008. 2011. 2014. 2016. 2018. 2021. 2023. 2025. 2026. 2028. 2028. 2027. 2027. 2028.    0.    0.    0.    0.    0.
    0.    0.    0.    0.    0.    0.    0.    0. 2510. 2486. 2456. 2429. 2409. 2395. 2380. 2364. 2343. 2322. 2310. 2298. 2283. 2266. 2244. 2224. 2209. 2195. 2181. 2168. 2153. 2141. 2134. 2127. 2119. 2111. 2101. 2093. 2085. 2079. 2072. 2066. 2058. 2053. 2047. 2041. 2035. 2030. 2024. 2020. 2016. 2012. 2007. 2004. 2000. 1998. 1997. 1995. 1993. 1992. 1992. 1992. 1995. 1998. 2001. 2004. 2006. 2009. 2011. 2014. 2016. 2018. 2020. 2022. 2023. 2022. 2022. 2023.    0.    0.    0.    0.    0.
    0.    0.    0.    0.    0.    0.    0.    0. 2506. 2486. 2458. 2430. 2409. 2394. 2379. 2364. 2348. 2332. 2319. 2307. 2292. 2274. 2252. 2233. 2218. 2204. 2191. 2176. 2157. 2142. 2137. 2131. 2123. 2113. 2103. 2093. 2085. 2080. 2074. 2068. 2063. 2058. 2051. 2045. 2037. 2030. 2024. 2019. 2015. 2012. 2008. 2002. 1997. 1995. 1993. 1991. 1989. 1988. 1987. 1987. 1989. 1991. 1994. 1996. 1999. 2001. 2003. 2006. 2008. 2010. 2011. 2014. 2017. 2018. 2017. 2017.    0.    0.    0.    0.    0.
    0.    0.    0.    0.    0.    0. 2534. 2525. 2510. 2486. 2454. 2425. 2407. 2391. 2375. 2362. 2348. 2335. 2324. 2311. 2296. 2279. 2258. 2239. 2223. 2210. 2199. 2185. 2166. 2149. 2141. 2135. 2126. 2116. 2106. 2095. 2086. 2082. 2077. 2071. 2067. 2063. 2056. 2049. 2041. 2032. 2025. 2020. 2016. 2011. 2006. 2000. 1995. 1991. 1990. 1987. 1986. 1984. 1983. 1982. 1984. 1985. 1987. 1988. 1990. 1993. 1995. 1997. 2000. 2003. 2004. 2006. 2010. 2012. 2011. 2011.    0.    0.    0.    0.    0.
    0.    0.    0.    0.    0. 2540. 2533. 2522. 2505. 2479. 2446. 2420. 2401. 2383. 2365. 2355. 2344. 2334. 2325. 2313. 2298. 2281. 2261. 2243. 2225. 2210. 2204. 2192. 2174. 2159. 2149. 2139. 2129. 2118. 2108. 2096. 2089. 2084. 2079. 2074. 2070. 2067. 2060. 2052. 2044. 2035. 2028. 2024. 2018. 2012. 2006. 2000. 1995. 1991. 1987. 1984. 1983. 1982. 1980. 1980. 1979. 1979. 1979. 1980. 1981. 1984. 1986. 1988. 1991. 1994. 1997. 1998. 2001. 2002. 2003. 2004.    0.    0.    0.    0.    0.
    0.    0.    0.    0.    0. 2536. 2529. 2516. 2494. 2463. 2435. 2413. 2392. 2369. 2354. 2348. 2341. 2333. 2324. 2312. 2298. 2281. 2263. 2246. 2230. 2215. 2204. 2191. 2178. 2166. 2154. 2142. 2131. 2121. 2110. 2099. 2091. 2087. 2082. 2077. 2073. 2070. 2064. 2056. 2048. 2039. 2033. 2029. 2023. 2016. 2005. 1998. 1994. 1991. 1987. 1984. 1981. 1979. 1977. 1977. 1976. 1975. 1974. 1974. 1974. 1976. 1977. 1979. 1982. 1985. 1988. 1989. 1991. 1992. 1994. 1997.    0.    0.    0.    0.    0.
    0.    0.    0.    0.    0. 2530. 2522. 2506. 2479. 2449. 2427. 2405. 2380. 2360. 2354. 2348. 2341. 2333. 2325. 2313. 2299. 2281. 2263. 2251. 2238. 2222. 2206. 2193. 2180. 2167. 2156. 2144. 2133. 2123. 2112. 2101. 2094. 2090. 2085. 2081. 2077. 2073. 2067. 2060. 2052. 2043. 2038. 2035. 2029. 2020. 2008. 1998. 1994. 1991. 1988. 1984. 1981. 1979. 1976. 1974. 1973. 1972. 1971. 1971. 1971. 1970. 1970. 1971. 1973. 1976. 1979. 1980. 1981. 1983. 1984. 1988.    0.    0.    0.    0.    0.
    0.    0.    0.    0.    0. 2523. 2513. 2494. 2466. 2440. 2419. 2397. 2375. 2361. 2355. 2349. 2342. 2335. 2326. 2314. 2301. 2286. 2269. 2256. 2242. 2225. 2209. 2195. 2182. 2169. 2157. 2145. 2135. 2125. 2115. 2104. 2097. 2093. 2089. 2086. 2083. 2077. 2071. 2064. 2056. 2048. 2044. 2042. 2036. 2026. 2014. 2003. 1996. 1992. 1988. 1984. 1982. 1979. 1976. 1974. 1971. 1970. 1970. 1969. 1968. 1967. 1967. 1967. 1967. 1969. 1972. 1973. 1973. 1974. 1973. 1976. 1975.    0.    0.    0.    0.
    0.    0.    0.    0.    0. 2515. 2503. 2478. 2452. 2431. 2409. 2387. 2373. 2365. 2357. 2351. 2345. 2337. 2327. 2315. 2302. 2287. 2272. 2258. 2243. 2227. 2211. 2197. 2183. 2170. 2158. 2147. 2136. 2126. 2117. 2107. 2101. 2097. 2094. 2092. 2088. 2082. 2075. 2068. 2060. 2053. 2049. 2050. 2044. 2033. 2021. 2009. 2000. 1995. 1990. 1986. 1983. 1980. 1977. 1974. 1972. 1971. 1969. 1968. 1967. 1965. 1964. 1963. 1964. 1964. 1965. 1966. 1966. 1965. 1963. 1966. 1968.    0.    0.    0.    0.
    0.    0.    0.    0. 2521. 2510. 2491. 2466. 2445. 2423. 2399. 2381. 2376. 2369. 2363. 2357. 2350. 2340. 2329. 2316. 2302. 2288. 2274. 2260. 2245. 2228. 2212. 2198. 2185. 2172. 2159. 2147. 2136. 2127. 2119. 2110. 2104. 2101. 2099. 2096. 2092. 2086. 2079. 2072. 2065. 2059. 2056. 2056. 2051. 2040. 2029. 2019. 2010. 2004. 1998. 1992. 1988. 1984. 1979. 1975. 1972. 1972. 1970. 1969. 1966. 1964. 1963. 1961. 1961. 1960. 1959. 1959. 1959. 1958. 1957. 1957. 1957. 1953.    0.    0.    0.
    0.    0.    0.    0. 2519. 2504. 2482. 2460. 2437. 2414. 2397. 2385. 2380. 2372. 2365. 2360. 2356. 2348. 2336. 2323. 2308. 2291. 2275. 2263. 2248. 2232. 2216. 2202. 2188. 2174. 2161. 2146. 2135. 2128. 2120. 2113. 2107. 2105. 2104. 2102. 2099. 2093. 2087. 2081. 2074. 2067. 2064. 2062. 2058. 2049. 2037. 2027. 2021. 2015. 2008. 2002. 1996. 1991. 1984. 1978. 1975. 1973. 1972. 1971. 1968. 1965. 1963. 1961. 1959. 1956. 1954. 1953. 1952. 1951. 1950. 1947. 1946. 1944. 1940.    0.    0.
    0.    0.    0. 2533. 2520. 2501. 2478. 2455. 2426. 2405. 2400. 2392. 2386. 2382. 2377. 2371. 2366. 2359. 2347. 2333. 2317. 2296. 2278. 2267. 2253. 2237. 2221. 2206. 2192. 2178. 2163. 2146. 2135. 2129. 2123. 2116. 2111. 2109. 2109. 2108. 2106. 2102. 2096. 2090. 2084. 2076. 2072. 2069. 2066. 2059. 2046. 2035. 2028. 2024. 2018. 2011. 2004. 1997. 1989. 1983. 1978. 1976. 1975. 1973. 1971. 1967. 1964. 1961. 1957. 1954. 1951. 1948. 1945. 1945. 1943. 1940. 1938. 1936. 1933.    0.    0.
    0.    0.    0. 2533. 2519. 2500. 2479. 2454. 2426. 2407. 2404. 2401. 2398. 2397. 2394. 2388. 2381. 2370. 2357. 2342. 2325. 2302. 2283. 2270. 2257. 2241. 2225. 2210. 2196. 2181. 2165. 2148. 2136. 2131. 2125. 2119. 2115. 2113. 2113. 2113. 2112. 2109. 2104. 2098. 2092. 2084. 2079. 2077. 2076. 2072. 2062. 2051. 2043. 2038. 2030. 2022. 2012. 2003. 1995. 1987. 1982. 1978. 1978. 1977. 1974. 1970. 1968. 1964. 1959. 1955. 1950. 1946. 1944. 1942. 1940. 1938. 1936. 1933. 1929. 1925.    0.
    0.    0. 2549. 2536. 2521. 2505. 2482. 2451. 2426. 2416. 2411. 2410. 2411. 2411. 2409. 2403. 2394. 2381. 2366. 2350. 2332. 2309. 2287. 2274. 2260. 2244. 2228. 2214. 2199. 2184. 2168. 2150. 2138. 2133. 2128. 2123. 2119. 2118. 2117. 2118. 2117. 2115. 2110. 2105. 2099. 2091. 2086. 2086. 2086. 2084. 2080. 2071. 2063. 2055. 2046. 2035. 2022. 2011. 2001. 1993. 1988. 1984. 1983. 1983. 1980. 1976. 1972. 1968. 1963. 1957. 1951. 1947. 1945. 1942. 1939. 1937. 1935. 1933. 1929. 1925.    0.
    0. 2561. 2551. 2538. 2526. 2510. 2489. 2457. 2432. 2423. 2418. 2416. 2423. 2425. 2422. 2416. 2406. 2392. 2375. 2358. 2341. 2320. 2295. 2276. 2263. 2247. 2231. 2216. 2201. 2186. 2170. 2152. 2141. 2136. 2131. 2126. 2123. 2122. 2121. 2122. 2121. 2120. 2116. 2111. 2105. 2097. 2093. 2095. 2096. 2095. 2093. 2088. 2080. 2072. 2061. 2047. 2031. 2018. 2007. 1999. 1994. 1990. 1990. 1989. 1987. 1983. 1978. 1973. 1967. 1960. 1954. 1948. 1946. 1944. 1941. 1938. 1936. 1933. 1929. 1925.    0.
    0. 2561. 2552. 2541. 2530. 2516. 2497. 2468. 2443. 2440. 2436. 2436. 2440. 2440. 2436. 2429. 2418. 2403. 2385. 2366. 2348. 2329. 2304. 2280. 2266. 2250. 2233. 2218. 2203. 2188. 2171. 2154. 2143. 2138. 2133. 2129. 2127. 2125. 2124. 2123. 2124. 2124. 2122. 2118. 2111. 2104. 2098. 2102. 2104. 2104. 2104. 2102. 2097. 2087. 2074. 2059. 2040. 2025. 2014. 2006. 2001. 1996. 1996. 1996. 1993. 1989. 1984. 1978. 1971. 1964. 1957. 1952. 1948. 1946. 1943. 1940. 1939. 1936.    0.    0.    0.
 2574. 2565. 2554. 2545. 2534. 2522. 2507. 2487. 2466. 2463. 2460. 2458. 2456. 2454. 2448. 2440. 2428. 2413. 2395. 2375. 2356. 2338. 2315. 2289. 2268. 2252. 2235. 2219. 2204. 2189. 2173. 2156. 2145. 2140. 2135. 2132. 2130. 2128. 2127. 2125. 2127. 2128. 2128. 2124. 2119. 2113. 2107. 2108. 2110. 2111. 2113. 2114. 2110. 2101. 2087. 2069. 2049. 2032. 2021. 2013. 2009. 2004. 2003. 2002. 2000. 1995. 1989. 1983. 1976. 1968. 1961. 1956. 1953. 1949. 1947. 1943. 1941. 1939.    0.    0.    0.
    0. 2566. 2558. 2549. 2540. 2529. 2517. 2503. 2488. 2481. 2476. 2473. 2470. 2465. 2459. 2451. 2439. 2424. 2405. 2383. 2364. 2346. 2325. 2299. 2273. 2255. 2237. 2220. 2205. 2190. 2174. 2157. 2147. 2142. 2137. 2134. 2132. 2131. 2129. 2129. 2131. 2133. 2133. 2131. 2126. 2120. 2115. 2113. 2114. 2116. 2120. 2124. 2121. 2112. 2097. 2078. 2056. 2039. 2028. 2020. 2016. 2012. 2009. 2008. 2005. 2000. 1994. 1988. 1980. 1973. 1966. 1960. 1957. 1954. 1953. 1949. 1945.    0.    0.    0.    0.
    0.    0. 2562. 2557. 2549. 2541. 2531. 2520. 2510. 2502. 2496. 2492. 2488. 2481. 2473. 2465. 2450. 2432. 2413. 2391. 2371. 2354. 2335. 2311. 2286. 2261. 2237. 2221. 2205. 2190. 2174. 2158. 2148. 2144. 2139. 2136. 2135. 2133. 2132. 2132. 2135. 2137. 2138. 2137. 2133. 2127. 2120. 2117. 2118. 2119. 2125. 2132. 2133. 2123. 2107. 2087. 2064. 2047. 2035. 2027. 2023. 2019. 2016. 2014. 2011. 2005. 1999. 1992. 1985. 1977. 1971. 1966. 1962. 1960. 1958. 1958.    0.    0.    0.    0.    0.
    0.    0.    0. 2562. 2557. 2550. 2542. 2534. 2528. 2521. 2516. 2511. 2505. 2494. 2485. 2476. 2461. 2439. 2420. 2398. 2378. 2361. 2342. 2321. 2298. 2273. 2244. 2221. 2206. 2190. 2173. 2159. 2150. 2146. 2142. 2139. 2137. 2135. 2134. 2135. 2138. 2141. 2143. 2143. 2139. 2133. 2125. 2120. 2122. 2123. 2130. 2139. 2141. 2133. 2117. 2095. 2072. 2054. 2043. 2034. 2030. 2026. 2022. 2020. 2016. 2010. 2004. 1997. 1989. 1981. 1975. 1972. 1969. 1968. 1966. 1966.    0.    0.    0.    0.    0.
    0.    0.    0.    0.    0.    0.    0.    0. 2536. 2532. 2527. 2522. 2519.    0.    0. 2481. 2468. 2445. 2423. 2403. 2384. 2367. 2349. 2328. 2306. 2282. 2256. 2231. 2210. 2188. 2169. 2158. 2152. 2148. 2144. 2141. 2140. 2138. 2137. 2139. 2142. 2148. 2152. 2153. 2150. 2143. 2134. 2127. 2127. 2128. 2135. 2145. 2149. 2141. 2125. 2103. 2077. 2059. 2051. 2041. 2038. 2033. 2029. 2026. 2022. 2015. 2008. 2001. 1993. 1985. 1979. 1977. 1976. 1975. 1974. 1974.    0.    0.    0.    0.    0.
    0.    0.    0.    0.    0.    0.    0.    0.    0.    0.    0.    0.    0.    0.    0.    0. 2466. 2446. 2425. 2407. 2388. 2371. 2353. 2333. 2311. 2288. 2263. 2238. 2214. 2188. 2167. 2158. 2154. 2150. 2146. 2144. 2143. 2142. 2141. 2143. 2148. 2156. 2163. 2166. 2163. 2156. 2144. 2135. 2133. 2133. 2140. 2150. 2155. 2149. 2133. 2112. 2087. 2067. 2055. 2046. 2043. 2040. 2035. 2032. 2027. 2020. 2013. 2005. 1998. 1990. 1984. 1982. 1982. 1981. 1981. 1981.    0.    0.    0.    0.    0.
    0.    0.    0.    0.    0.    0.    0.    0.    0.    0.    0.    0.    0.    0.    0.    0.    0. 2444. 2426. 2408. 2390. 2373. 2356. 2337. 2314. 2290. 2267. 2242. 2216. 2189. 2167. 2159. 2155. 2152. 2149. 2147. 2146. 2145. 2146. 2148. 2154. 2164. 2173. 2178. 2177. 2167. 2154. 2142. 2138. 2139. 2146. 2156. 2160. 2155. 2140. 2121. 2097. 2077. 2062. 2051. 2047. 2044. 2041. 2037. 2032. 2024. 2017. 2010. 2002. 1995. 1990. 1988. 1987. 1987. 1987. 1987.    0.    0.    0.    0.    0.
    0.    0.    0.    0.    0.    0.    0.    0.    0.    0.    0.    0.    0.    0.    0.    0.    0.    0. 2424. 2409. 2390. 2373. 2356. 2338. 2315. 2292. 2268. 2244. 2218. 2190. 2168. 2160. 2157. 2154. 2151. 2149. 2148. 2148. 2149. 2152. 2159. 2171. 2182. 2189. 2188. 2178. 2163. 2149. 2144. 2144. 2151. 2161. 2166. 2161. 2147. 2128. 2107. 2086. 2070. 2057. 2052. 2050. 2046. 2042. 2036. 2028. 2021. 2014. 2006. 2000. 1995. 1993. 1993. 1992. 1993. 1993.    0.    0.    0.    0.    0.
    0.    0.    0.    0.    0.    0.    0.    0.    0.    0.    0.    0.    0.    0.    0.    0.    0.    0. 2425. 2411. 2390. 2369. 2354. 2337. 2316. 2292. 2268. 2244. 2219. 2190. 2168. 2161. 2158. 2155. 2153. 2151. 2151. 2150. 2152. 2156. 2165. 2177. 2190. 2198. 2198. 2188. 2171. 2156. 2149. 2150. 2158. 2167. 2172. 2168. 2155. 2137. 2117. 2096. 2078. 2064. 2058. 2055. 2052. 2047. 2040. 2033. 2025. 2018. 2010. 2004. 2000. 1998. 1998. 1997. 1998. 1998.    0.    0.    0.    0.    0.
    0.    0.    0.    0.    0.    0.    0.    0.    0.    0.    0.    0.    0.    0.    0.    0.    0.    0.    0.    0.    0. 2361. 2350. 2335. 2315. 2291. 2267. 2244. 2219. 2191. 2169. 2162. 2159. 2156. 2154. 2153. 2152. 2152. 2154. 2161. 2170. 2183. 2196. 2205. 2207. 2199. 2182. 2165. 2153. 2158. 2164. 2171. 2178. 2175. 2163. 2145. 2127. 2108. 2088. 2072. 2065. 2061. 2057. 2053. 2045. 2036. 2030. 2023. 2015. 2008. 2005. 2003. 2002. 2002. 2003. 2004.    0.    0.    0.    0.    0.
    0.    0.    0.    0.    0.    0.    0.    0.    0.    0.    0.    0.    0.    0.    0.    0.    0.    0.    0.    0.    0.    0. 2343. 2330. 2312. 2290. 2266. 2243. 2219. 2192. 2170. 2162. 2159. 2157. 2156. 2154. 2154. 2154. 2157. 2164. 2174. 2188. 2202. 2212. 2216. 2211. 2196. 2181. 2169. 2170. 2173. 2179. 2186. 2185. 2174. 2156. 2137. 2120. 2098. 2081. 2073. 2068. 2065. 2061. 2053. 2042. 2033. 2028. 2020. 2014. 2010. 2007. 2006. 2007. 2009. 2010.    0.    0.    0.    0.    0.
    0.    0.    0.    0.    0.    0.    0.    0.    0.    0.    0.    0.    0.    0.    0.    0.    0.    0.    0.    0.    0.    0.    0. 2322. 2309. 2289. 2266. 2243. 2220. 2194. 2173. 2162. 2160. 2158. 2157. 2156. 2155. 2156. 2159. 2167. 2177. 2192. 2208. 2219. 2226. 2222. 2210. 2196. 2186. 2180. 2183. 2189. 2197. 2196. 2186. 2170. 2150. 2132. 2111. 2092. 2082. 2077. 2073. 2069. 2063. 2053. 2041. 2034. 2028. 2021. 2018. 2014. 2013. 2014. 2016. 2017.    0.    0.    0.    0.    0.
    0.    0.    0.    0.    0.    0.    0.    0.    0.    0.    0.    0.    0.    0.    0.    0.    0.    0.    0.    0.    0.    0.    0.    0.    0.    0.    0.    0.    0. 2184. 2171. 2162. 2160. 2158. 2157. 2157. 2156. 2157. 2160. 2169. 2181. 2196. 2213. 2226. 2235. 2233. 2222. 2210. 2200. 2188. 2191. 2200. 2207. 2206. 2197. 2183. 2165. 2146. 2126. 2107. 2095. 2087. 2081. 2076. 2071. 2062. 2051. 2043. 2038. 2030. 2026. 2023. 2020. 2020. 2023. 2025.    0.    0.    0.    0.    0.
    0.    0.    0.    0.    0.    0.    0.    0.    0.    0.    0.    0.    0.    0.    0.    0.    0.    0.    0.    0.    0.    0.    0.    0.    0.    0.    0.    0.    0.    0.    0. 2161. 2160. 2159. 2158. 2157. 2157. 2158. 2163. 2173. 2184. 2199. 2216. 2230. 2241. 2243. 2235. 2224. 2218. 2209. 2209. 2216. 2219. 2216. 2207. 2194. 2178. 2159. 2139. 2123. 2112. 2103. 2093. 2086. 2080. 2071. 2061. 2052. 2048. 2039. 2035. 2032. 2030. 2030. 2033. 2034.    0.    0.    0.    0.    0.
    0.    0.    0.    0.    0.    0.    0.    0.    0.    0.    0.    0.    0.    0.    0.    0.    0.    0.    0.    0.    0.    0.    0.    0.    0.    0.    0.    0.    0.    0.    0.    0. 2160. 2159. 2159. 2158. 2158. 2159. 2165. 2175. 2185. 2201. 2218. 2233. 2244. 2250. 2249. 2240. 2235. 2232. 2231. 2233. 2232. 2228. 2219. 2207. 2193. 2177. 2159. 2143. 2129. 2120. 2109. 2099. 2090. 2080. 2070. 2062. 2057. 2049. 2041. 2040. 2041. 2042. 2043. 2044.    0.    0.    0.    0.    0.
    0.    0.    0.    0.    0.    0.    0.    0.    0.    0.    0.    0.    0.    0.    0.    0.    0.    0.    0.    0.    0.    0.    0.    0.    0.    0.    0.    0.    0.    0.    0.    0.    0. 2160. 2159.    0.    0.    0.    0.    0.    0.    0.    0.    0.    0.    0. 2262. 2256. 2249. 2247. 2247. 2247. 2245. 2240. 2232. 2220. 2207. 2194. 2179. 2165. 2149. 2135. 2123. 2111. 2099. 2086. 2076. 2070. 2066. 2061. 2053. 2050. 2051. 2052. 2052. 2052.    0.    0.    0.    0.    0.
    0.    0.    0.    0.    0.    0.    0.    0.    0.    0.    0.    0.    0.    0.    0.    0.    0.    0.    0.    0.    0.    0.    0.    0.    0.    0.    0.    0.    0.    0.    0.    0.    0.    0.    0.    0.    0.    0.    0.    0.    0.    0.    0.    0.    0.    0. 2271. 2268. 2262. 2260. 2259. 2258. 2257. 2252. 2244. 2233. 2221. 2208. 2195. 2181. 2165. 2148. 2134. 2121. 2107. 2093. 2081. 2076. 2072. 2069. 2065. 2063. 2061. 2061. 2060. 2060.    0.    0.    0.    0.    0.
    0.    0.    0.    0.    0.    0.    0.    0.    0.    0.    0.    0.    0.    0.    0.    0.    0.    0.    0.    0.    0.    0.    0.    0.    0.    0.    0.    0.    0.    0.    0.    0.    0.    0.    0.    0.    0.    0.    0.    0.    0.    0.    0.    0.    0.    0.    0. 2276. 2274. 2270. 2270. 2269. 2267. 2264. 2257. 2246. 2234. 2222. 2209. 2193. 2177. 2160. 2144. 2129. 2115. 2101. 2089. 2082. 2079. 2077. 2075. 2072. 2070. 2069. 2068. 2067.    0.    0.    0.    0.    0.
    0.    0.    0.    0.    0.    0.    0.    0.    0.    0.    0.    0.    0.    0.    0.    0.    0.    0.    0.    0.    0.    0.    0.    0.    0.    0.    0.    0.    0.    0.    0.    0.    0.    0.    0.    0.    0.    0.    0.    0.    0.    0.    0.    0.    0.    0.    0.    0. 2282. 2281. 2279. 2278. 2276. 2273. 2268. 2259. 2247. 2235. 2221. 2205. 2187. 2169. 2152. 2136. 2120. 2107. 2099. 2091. 2088. 2085. 2083. 2080. 2078. 2076. 2075. 2073.    0.    0.    0.    0.    0.
    0.    0.    0.    0.    0.    0.    0.    0.    0.    0.    0.    0.    0.    0.    0.    0.    0.    0.    0.    0.    0.    0.    0.    0.    0.    0.    0.    0.    0.    0.    0.    0.    0.    0.    0.    0.    0.    0.    0.    0.    0.    0.    0.    0.    0.    0.    0.    0.    0. 2291. 2288. 2286. 2284. 2281. 2277. 2269. 2259. 2246. 2232. 2215. 2196. 2177. 2159. 2142. 2125. 2113. 2106. 2100. 2096. 2092. 2089. 2087. 2085. 2083. 2081. 2081.    0.    0.    0.    0.    0.
    0.    0.    0.    0.    0.    0.    0.    0.    0.    0.    0.    0.    0.    0.    0.    0.    0.    0.    0.    0.    0.    0.    0.    0.    0.    0.    0.    0.    0.    0.    0.    0.    0.    0.    0.    0.    0.    0.    0.    0.    0.    0.    0.    0.    0.    0.    0.    0.    0. 2297. 2295. 2292. 2290. 2289. 2286. 2280. 2271. 2259. 2244. 2226. 2204. 2182. 2164. 2147. 2130. 2118. 2112. 2107. 2102. 2098. 2095. 2093. 2091. 2090. 2088. 2089.    0.    0.    0.    0.    0.
    0.    0.    0.    0.    0.    0.    0.    0.    0.    0.    0.    0.    0.    0.    0.    0.    0.    0.    0.    0.    0.    0.    0.    0.    0.    0.    0.    0.    0.    0.    0.    0.    0.    0.    0.    0.    0.    0.    0.    0.    0.    0.    0.    0.    0.    0.    0.    0.    0.    0. 2297. 2295. 2294. 2293. 2292. 2288. 2280. 2269. 2253. 2234. 2211. 2188. 2169. 2151. 2135. 2123. 2117. 2111. 2107. 2103. 2100. 2098. 2096. 2095. 2095. 2095.    0.    0.    0.    0.    0.
    0.    0.    0.    0.    0.    0.    0.    0.    0.    0.    0.    0.    0.    0.    0.    0.    0.    0.    0.    0.    0.    0.    0.    0.    0.    0.    0.    0.    0.    0.    0.    0.    0.    0.    0.    0.    0.    0.    0.    0.    0.    0.    0.    0.    0.    0.    0.    0.    0.    0.    0.    0.    0.    0.    0.    0. 2283. 2273. 2259. 2240. 2217. 2194. 2174. 2153. 2138. 2128. 2121. 2115. 2110. 2106. 2103. 2101. 2099. 2099. 2099. 2099.    0.    0.    0.    0.    0.
    0.    0.    0.    0.    0.    0.    0.    0.    0.    0.    0.    0.    0.    0.    0.    0.    0.    0.    0.    0.    0.    0.    0.    0.    0.    0.    0.    0.    0.    0.    0.    0.    0.    0.    0.    0.    0.    0.    0.    0.    0.    0.    0.    0.    0.    0.    0.    0.    0.    0.    0.    0.    0.    0.    0.    0. 2284. 2275. 2262. 2244. 2223. 2202. 2180. 2154. 2141. 2131. 2123. 2117. 2112. 2108. 2105. 2102. 2101. 2101. 2103.    0.    0.    0.    0.    0.    0.
    0.    0.    0.    0.    0.    0.    0.    0.    0.    0.    0.    0.    0.    0.    0.    0.    0.    0.    0.    0.    0.    0.    0.    0.    0.    0.    0.    0.    0.    0.    0.    0.    0.    0.    0.    0.    0.    0.    0.    0.    0.    0.    0.    0.    0.    0.    0.    0.    0.    0.    0.    0.    0.    0.    0.    0.    0. 2274. 2263. 2246. 2230. 2214. 2198. 2180.    0.    0.    0.    0.    0.    0.    0.    0.    0.    0. 2106.    0.    0.    0.    0.    0.    0.
    0.    0.    0.    0.    0.    0.    0.    0.    0.    0.    0.    0.    0.    0.    0.    0.    0.    0.    0.    0.    0.    0.    0.    0.    0.    0.    0.    0.    0.    0.    0.    0.    0.    0.    0.    0.    0.    0.    0.    0.    0.    0.    0.    0.    0.    0.    0.    0.    0.    0.    0.    0.    0.    0.    0.    0.    0.    0. 2262. 2249. 2236. 2226.    0.    0.    0.    0.    0.    0.    0.    0.    0.    0.    0.    0.    0.    0.    0.    0.    0.    0.    0.
    0.    0.    0.    0.    0.    0.    0.    0.    0.    0.    0.    0.    0.    0.    0.    0.    0.    0.    0.    0.    0.    0.    0.    0.    0.    0.    0.    0.    0.    0.    0.    0.    0.    0.    0.    0.    0.    0.    0.    0.    0.    0.    0.    0.    0.    0.    0.    0.    0.    0.    0.    0.    0.    0.    0.    0.    0.    0. 2264. 2253. 2244.    0.    0.    0.    0.    0.    0.    0.    0.    0.    0.    0.    0.    0.    0.    0.    0.    0.    0.    0.    0.