6.676228348382493039e+01 6.676228348382493039e+01 6.676228348382493039e+01 6.676228348382493039e+01 6.676228348382493039e+01 6.676228348382493039e+01 6.676228348382493039e+01 6.676228348382493039e+01 6.676228348382493039e+01 6.676228348382493039e+01 6.676228348382493039e+01 6.676228348382493039e+01 6.676228348382493039e+01 6.676228348382493039e+01 6.676228348382493039e+01
6.615267801507494028e+01 6.615267801507494028e+01 6.615267801507494028e+01 6.615267801507494028e+01 6.615267801507494028e+01 6.615267801507494028e+01 6.615267801507494028e+01 6.615267801507494028e+01 6.615267801507494028e+01 6.615267801507494028e+01 6.615267801507494028e+01 6.615267801507494028e+01 6.615267801507494028e+01 6.615267801507494028e+01 6.615267801507494028e+01
6.554307254632493596e+01 6.554307254632493596e+01 6.554307254632493596e+01 6.554307254632493596e+01 6.554307254632493596e+01 6.554307254632493596e+01 6.554307254632493596e+01 6.554307254632493596e+01 6.554307254632493596e+01 6.554307254632493596e+01 6.554307254632493596e+01 6.554307254632493596e+01 6.554307254632493596e+01 6.554307254632493596e+01 6.554307254632493596e+01
6.493346707757493164e+01 6.493346707757493164e+01 6.493346707757493164e+01 6.493346707757493164e+01 6.493346707757493164e+01 6.493346707757493164e+01 6.493346707757493164e+01 6.493346707757493164e+01 6.493346707757493164e+01 6.493346707757493164e+01 6.493346707757493164e+01 6.493346707757493164e+01 6.493346707757493164e+01 6.493346707757493164e+01 6.493346707757493164e+01
6.432386160882492732e+01 6.432386160882492732e+01 6.432386160882492732e+01 6.432386160882492732e+01 6.432386160882492732e+01 6.432386160882492732e+01 6.432386160882492732e+01 6.432386160882492732e+01 6.432386160882492732e+01 6.432386160882492732e+01 6.432386160882492732e+01 6.432386160882492732e+01 6.432386160882492732e+01 6.432386160882492732e+01 6.432386160882492732e+01
6.371425614007493721e+01 6.371425614007493721e+01 6.371425614007493721e+01 6.371425614007493721e+01 6.371425614007493721e+01 6.371425614007493721e+01 6.371425614007493721e+01 6.371425614007493721e+01 6.371425614007493721e+01 6.371425614007493721e+01 6.371425614007493721e+01 6.371425614007493721e+01 6.371425614007493721e+01 6.371425614007493721e+01 6.371425614007493721e+01
6.310465067132493999e+01 6.310465067132493999e+01 6.310465067132493999e+01 6.310465067132493999e+01 6.310465067132493999e+01 6.310465067132493999e+01 6.310465067132493999e+01 6.310465067132493999e+01 6.310465067132493999e+01 6.310465067132493999e+01 6.310465067132493999e+01 6.310465067132493999e+01 6.310465067132493999e+01 6.310465067132493999e+01 6.310465067132493999e+01
6.249504520257493567e+01 6.249504520257493567e+01 6.249504520257493567e+01 6.249504520257493567e+01 6.249504520257493567e+01 6.249504520257493567e+01 6.249504520257493567e+01 6.249504520257493567e+01 6.249504520257493567e+01 6.249504520257493567e+01 6.249504520257493567e+01 6.249504520257493567e+01 6.249504520257493567e+01 6.249504520257493567e+01 6.249504520257493567e+01
6.188543973382493846e+01 6.188543973382493846e+01 6.188543973382493846e+01 6.188543973382493846e+01 6.188543973382493846e+01 6.188543973382493846e+01 6.188543973382493846e+01 6.188543973382493846e+01 6.188543973382493846e+01 6.188543973382493846e+01 6.188543973382493846e+01 6.188543973382493846e+01 6.188543973382493846e+01 6.188543973382493846e+01 6.188543973382493846e+01
6.127583426507494124e+01 6.127583426507494124e+01 6.127583426507494124e+01 6.127583426507494124e+01 6.127583426507494124e+01 6.127583426507494124e+01 6.127583426507494124e+01 6.127583426507494124e+01 6.127583426507494124e+01 6.127583426507494124e+01 6.127583426507494124e+01 6.127583426507494124e+01 6.127583426507494124e+01 6.127583426507494124e+01 6.127583426507494124e+01
6.066622879632493692e+01 6.066622879632493692e+01 6.066622879632493692e+01 6.066622879632493692e+01 6.066622879632493692e+01 6.066622879632493692e+01 6.066622879632493692e+01 6.066622879632493692e+01 6.066622879632493692e+01 6.066622879632493692e+01 6.066622879632493692e+01 6.066622879632493692e+01 6.066622879632493692e+01 6.066622879632493692e+01 6.066622879632493692e+01
6.005662332757493971e+01 6.005662332757493971e+01 6.005662332757493971e+01 6.005662332757493971e+01 6.005662332757493971e+01 6.005662332757493971e+01 6.005662332757493971e+01 6.005662332757493971e+01 6.005662332757493971e+01 6.005662332757493971e+01 6.005662332757493971e+01 6.005662332757493971e+01 6.005662332757493971e+01 6.005662332757493971e+01 6.005662332757493971e+01
5.944701785882493539e+01 5.944701785882493539e+01 5.944701785882493539e+01 5.944701785882493539e+01 5.944701785882493539e+01 5.944701785882493539e+01 5.944701785882493539e+01 5.944701785882493539e+01 5.944701785882493539e+01 5.944701785882493539e+01 5.944701785882493539e+01 5.944701785882493539e+01 5.944701785882493539e+01 5.944701785882493539e+01 5.944701785882493539e+01
5.883741239007493817e+01 5.883741239007493817e+01 5.883741239007493817e+01 5.883741239007493817e+01 5.883741239007493817e+01 5.883741239007493817e+01 5.883741239007493817e+01 5.883741239007493817e+01 5.883741239007493817e+01 5.883741239007493817e+01 5.883741239007493817e+01 5.883741239007493817e+01 5.883741239007493817e+01 5.883741239007493817e+01 5.883741239007493817e+01
5.822780692132493385e+01 5.822780692132493385e+01 5.822780692132493385e+01 5.822780692132493385e+01 5.822780692132493385e+01 5.822780692132493385e+01 5.822780692132493385e+01 5.822780692132493385e+01 5.822780692132493385e+01 5.822780692132493385e+01 5.822780692132493385e+01 5.822780692132493385e+01 5.822780692132493385e+01 5.822780692132493385e+01 5.822780692132493385e+01
5.761820145257493664e+01 5.761820145257493664e+01 5.761820145257493664e+01 5.761820145257493664e+01 5.761820145257493664e+01 5.761820145257493664e+01 5.761820145257493664e+01 5.761820145257493664e+01 5.761820145257493664e+01 5.761820145257493664e+01 5.761820145257493664e+01 5.761820145257493664e+01 5.761820145257493664e+01 5.761820145257493664e+01 5.761820145257493664e+01
5.700859598382493942e+01 5.700859598382493942e+01 5.700859598382493942e+01 5.700859598382493942e+01 5.700859598382493942e+01 5.700859598382493942e+01 5.700859598382493942e+01 5.700859598382493942e+01 5.700859598382493942e+01 5.700859598382493942e+01 5.700859598382493942e+01 5.700859598382493942e+01 5.700859598382493942e+01 5.700859598382493942e+01 5.700859598382493942e+01
5.639899051507493510e+01 5.639899051507493510e+01 5.639899051507493510e+01 5.639899051507493510e+01 5.639899051507493510e+01 5.639899051507493510e+01 5.639899051507493510e+01 5.639899051507493510e+01 5.639899051507493510e+01 5.639899051507493510e+01 5.639899051507493510e+01 5.639899051507493510e+01 5.639899051507493510e+01 5.639899051507493510e+01 5.639899051507493510e+01
5.578938504632493789e+01 5.578938504632493789e+01 5.578938504632493789e+01 5.578938504632493789e+01 5.578938504632493789e+01 5.578938504632493789e+01 5.578938504632493789e+01 5.578938504632493789e+01 5.578938504632493789e+01 5.578938504632493789e+01 5.578938504632493789e+01 5.578938504632493789e+01 5.578938504632493789e+01 5.578938504632493789e+01 5.578938504632493789e+01
5.517977957757494067e+01 5.517977957757494067e+01 5.517977957757494067e+01 5.517977957757494067e+01 5.517977957757494067e+01 5.517977957757494067e+01 5.517977957757494067e+01 5.517977957757494067e+01 5.517977957757494067e+01 5.517977957757494067e+01 5.517977957757494067e+01 5.517977957757494067e+01 5.517977957757494067e+01 5.517977957757494067e+01 5.517977957757494067e+01
5.457017410882493635e+01 5.457017410882493635e+01 5.457017410882493635e+01 5.457017410882493635e+01 5.457017410882493635e+01 5.457017410882493635e+01 5.457017410882493635e+01 5.457017410882493635e+01 5.457017410882493635e+01 5.457017410882493635e+01 5.457017410882493635e+01 5.457017410882493635e+01 5.457017410882493635e+01 5.457017410882493635e+01 5.457017410882493635e+01
5.396056864007493914e+01 5.396056864007493914e+01 5.396056864007493914e+01 5.396056864007493914e+01 5.396056864007493914e+01 5.396056864007493914e+01 5.396056864007493914e+01 5.396056864007493914e+01 5.396056864007493914e+01 5.396056864007493914e+01 5.396056864007493914e+01 5.396056864007493914e+01 5.396056864007493914e+01 5.396056864007493914e+01 5.396056864007493914e+01
5.335096317132494192e+01 5.335096317132494192e+01 5.335096317132494192e+01 5.335096317132494192e+01 5.335096317132494192e+01 5.335096317132494192e+01 5.335096317132494192e+01 5.335096317132494192e+01 5.335096317132494192e+01 5.335096317132494192e+01 5.335096317132494192e+01 5.335096317132494192e+01 5.335096317132494192e+01 5.335096317132494192e+01 5.335096317132494192e+01
5.274135770257493760e+01 5.274135770257493760e+01 5.274135770257493760e+01 5.274135770257493760e+01 5.274135770257493760e+01 5.274135770257493760e+01 5.274135770257493760e+01 5.274135770257493760e+01 5.274135770257493760e+01 5.274135770257493760e+01 5.274135770257493760e+01 5.274135770257493760e+01 5.274135770257493760e+01 5.274135770257493760e+01 5.274135770257493760e+01
5.213175223382493328e+01 5.213175223382493328e+01 5.213175223382493328e+01 5.213175223382493328e+01 5.213175223382493328e+01 5.213175223382493328e+01 5.213175223382493328e+01 5.213175223382493328e+01 5.213175223382493328e+01 5.213175223382493328e+01 5.213175223382493328e+01 5.213175223382493328e+01 5.213175223382493328e+01 5.213175223382493328e+01 5.213175223382493328e+01
5.152214676507493607e+01 5.152214676507493607e+01 5.152214676507493607e+01 5.152214676507493607e+01 5.152214676507493607e+01 5.152214676507493607e+01 5.152214676507493607e+01 5.152214676507493607e+01 5.152214676507493607e+01 5.152214676507493607e+01 5.152214676507493607e+01 5.152214676507493607e+01 5.152214676507493607e+01 5.152214676507493607e+01 5.152214676507493607e+01
5.091254129632493886e+01 5.091254129632493886e+01 5.091254129632493886e+01 5.091254129632493886e+01 5.091254129632493886e+01 5.091254129632493886e+01 5.091254129632493886e+01 5.091254129632493886e+01 5.091254129632493886e+01 5.091254129632493886e+01 5.091254129632493886e+01 5.091254129632493886e+01 5.091254129632493886e+01 5.091254129632493886e+01 5.091254129632493886e+01
5.030293582757493454e+01 5.030293582757493454e+01 5.030293582757493454e+01 5.030293582757493454e+01 5.030293582757493454e+01 5.030293582757493454e+01 5.030293582757493454e+01 5.030293582757493454e+01 5.030293582757493454e+01 5.030293582757493454e+01 5.030293582757493454e+01 5.030293582757493454e+01 5.030293582757493454e+01 5.030293582757493454e+01 5.030293582757493454e+01
4.969333035882493732e+01 4.969333035882493732e+01 4.969333035882493732e+01 4.969333035882493732e+01 4.969333035882493732e+01 4.969333035882493732e+01 4.969333035882493732e+01 4.969333035882493732e+01 4.969333035882493732e+01 4.969333035882493732e+01 4.969333035882493732e+01 4.969333035882493732e+01 4.969333035882493732e+01 4.969333035882493732e+01 4.969333035882493732e+01
4.908372489007494011e+01 4.908372489007494011e+01 4.908372489007494011e+01 4.908372489007494011e+01 4.908372489007494011e+01 4.908372489007494011e+01 4.908372489007494011e+01 4.908372489007494011e+01 4.908372489007494011e+01 4.908372489007494011e+01 4.908372489007494011e+01 4.908372489007494011e+01 4.908372489007494011e+01 4.908372489007494011e+01 4.908372489007494011e+01
4.847411942132493579e+01 4.847411942132493579e+01 4.847411942132493579e+01 4.847411942132493579e+01 4.847411942132493579e+01 4.847411942132493579e+01 4.847411942132493579e+01 4.847411942132493579e+01 4.847411942132493579e+01 4.847411942132493579e+01 4.847411942132493579e+01 4.847411942132493579e+01 4.847411942132493579e+01 4.847411942132493579e+01 4.847411942132493579e+01
4.786451395257493857e+01 4.786451395257493857e+01 4.786451395257493857e+01 4.786451395257493857e+01 4.786451395257493857e+01 4.786451395257493857e+01 4.786451395257493857e+01 4.786451395257493857e+01 4.786451395257493857e+01 4.786451395257493857e+01 4.786451395257493857e+01 4.786451395257493857e+01 4.786451395257493857e+01 4.786451395257493857e+01 4.786451395257493857e+01
4.725490848382494136e+01 4.725490848382494136e+01 4.725490848382494136e+01 4.725490848382494136e+01 4.725490848382494136e+01 4.725490848382494136e+01 4.725490848382494136e+01 4.725490848382494136e+01 4.725490848382494136e+01 4.725490848382494136e+01 4.725490848382494136e+01 4.725490848382494136e+01 4.725490848382494136e+01 4.725490848382494136e+01 4.725490848382494136e+01
4.664530301507493704e+01 4.664530301507493704e+01 4.664530301507493704e+01 4.664530301507493704e+01 4.664530301507493704e+01 4.664530301507493704e+01 4.664530301507493704e+01 4.664530301507493704e+01 4.664530301507493704e+01 4.664530301507493704e+01 4.664530301507493704e+01 4.664530301507493704e+01 4.664530301507493704e+01 4.664530301507493704e+01 4.664530301507493704e+01
4.603569754632493272e+01 4.603569754632493272e+01 4.603569754632493272e+01 4.603569754632493272e+01 4.603569754632493272e+01 4.603569754632493272e+01 4.603569754632493272e+01 4.603569754632493272e+01 4.603569754632493272e+01 4.603569754632493272e+01 4.603569754632493272e+01 4.603569754632493272e+01 4.603569754632493272e+01 4.603569754632493272e+01 4.603569754632493272e+01
4.542609207757494261e+01 4.542609207757494261e+01 4.542609207757494261e+01 4.542609207757494261e+01 4.542609207757494261e+01 4.542609207757494261e+01 4.542609207757494261e+01 4.542609207757494261e+01 4.542609207757494261e+01 4.542609207757494261e+01 4.542609207757494261e+01 4.542609207757494261e+01 4.542609207757494261e+01 4.542609207757494261e+01 4.542609207757494261e+01
4.481648660882493829e+01 4.481648660882493829e+01 4.481648660882493829e+01 4.481648660882493829e+01 4.481648660882493829e+01 4.481648660882493829e+01 4.481648660882493829e+01 4.481648660882493829e+01 4.481648660882493829e+01 4.481648660882493829e+01 4.481648660882493829e+01 4.481648660882493829e+01 4.481648660882493829e+01 4.481648660882493829e+01 4.481648660882493829e+01
4.420688114007493397e+01 4.420688114007493397e+01 4.420688114007493397e+01 4.420688114007493397e+01 4.420688114007493397e+01 4.420688114007493397e+01 4.420688114007493397e+01 4.420688114007493397e+01 4.420688114007493397e+01 4.420688114007493397e+01 4.420688114007493397e+01 4.420688114007493397e+01 4.420688114007493397e+01 4.420688114007493397e+01 4.420688114007493397e+01
4.359727567132493675e+01 4.359727567132493675e+01 4.359727567132493675e+01 4.359727567132493675e+01 4.359727567132493675e+01 4.359727567132493675e+01 4.359727567132493675e+01 4.359727567132493675e+01 4.359727567132493675e+01 4.359727567132493675e+01 4.359727567132493675e+01 4.359727567132493675e+01 4.359727567132493675e+01 4.359727567132493675e+01 4.359727567132493675e+01
4.298767020257493954e+01 4.298767020257493954e+01 4.298767020257493954e+01 4.298767020257493954e+01 4.298767020257493954e+01 4.298767020257493954e+01 4.298767020257493954e+01 4.298767020257493954e+01 4.298767020257493954e+01 4.298767020257493954e+01 4.298767020257493954e+01 4.298767020257493954e+01 4.298767020257493954e+01 4.298767020257493954e+01 4.298767020257493954e+01
4.237806473382493522e+01 4.237806473382493522e+01 4.237806473382493522e+01 4.237806473382493522e+01 4.237806473382493522e+01 4.237806473382493522e+01 4.237806473382493522e+01 4.237806473382493522e+01 4.237806473382493522e+01 4.237806473382493522e+01 4.237806473382493522e+01 4.237806473382493522e+01 4.237806473382493522e+01 4.237806473382493522e+01 4.237806473382493522e+01
4.176845926507493800e+01 4.176845926507493800e+01 4.176845926507493800e+01 4.176845926507493800e+01 4.176845926507493800e+01 4.176845926507493800e+01 4.176845926507493800e+01 4.176845926507493800e+01 4.176845926507493800e+01 4.176845926507493800e+01 4.176845926507493800e+01 4.176845926507493800e+01 4.176845926507493800e+01 4.176845926507493800e+01 4.176845926507493800e+01
4.115885379632494079e+01 4.115885379632494079e+01 4.115885379632494079e+01 4.115885379632494079e+01 4.115885379632494079e+01 4.115885379632494079e+01 4.115885379632494079e+01 4.115885379632494079e+01 4.115885379632494079e+01 4.115885379632494079e+01 4.115885379632494079e+01 4.115885379632494079e+01 4.115885379632494079e+01 4.115885379632494079e+01 4.115885379632494079e+01
4.054924832757493647e+01 4.054924832757493647e+01 4.054924832757493647e+01 4.054924832757493647e+01 4.054924832757493647e+01 4.054924832757493647e+01 4.054924832757493647e+01 4.054924832757493647e+01 4.054924832757493647e+01 4.054924832757493647e+01 4.054924832757493647e+01 4.054924832757493647e+01 4.054924832757493647e+01 4.054924832757493647e+01 4.054924832757493647e+01
3.993964285882493925e+01 3.993964285882493925e+01 3.993964285882493925e+01 3.993964285882493925e+01 3.993964285882493925e+01 3.993964285882493925e+01 3.993964285882493925e+01 3.993964285882493925e+01 3.993964285882493925e+01 3.993964285882493925e+01 3.993964285882493925e+01 3.993964285882493925e+01 3.993964285882493925e+01 3.993964285882493925e+01 3.993964285882493925e+01
3.933003739007494204e+01 3.933003739007494204e+01 3.933003739007494204e+01 3.933003739007494204e+01 3.933003739007494204e+01 3.933003739007494204e+01 3.933003739007494204e+01 3.933003739007494204e+01 3.933003739007494204e+01 3.933003739007494204e+01 3.933003739007494204e+01 3.933003739007494204e+01 3.933003739007494204e+01 3.933003739007494204e+01 3.933003739007494204e+01
3.872043192132493772e+01 3.872043192132493772e+01 3.872043192132493772e+01 3.872043192132493772e+01 3.872043192132493772e+01 3.872043192132493772e+01 3.872043192132493772e+01 3.872043192132493772e+01 3.872043192132493772e+01 3.872043192132493772e+01 3.872043192132493772e+01 3.872043192132493772e+01 3.872043192132493772e+01 3.872043192132493772e+01 3.872043192132493772e+01
3.811082645257493340e+01 3.811082645257493340e+01 3.811082645257493340e+01 3.811082645257493340e+01 3.811082645257493340e+01 3.811082645257493340e+01 3.811082645257493340e+01 3.811082645257493340e+01 3.811082645257493340e+01 3.811082645257493340e+01 3.811082645257493340e+01 3.811082645257493340e+01 3.811082645257493340e+01 3.811082645257493340e+01 3.811082645257493340e+01
3.750122098382493618e+01 3.750122098382493618e+01 3.750122098382493618e+01 3.750122098382493618e+01 3.750122098382493618e+01 3.750122098382493618e+01 3.750122098382493618e+01 3.750122098382493618e+01 3.750122098382493618e+01 3.750122098382493618e+01 3.750122098382493618e+01 3.750122098382493618e+01 3.750122098382493618e+01 3.750122098382493618e+01 3.750122098382493618e+01
3.689161551507493897e+01 3.689161551507493897e+01 3.689161551507493897e+01 3.689161551507493897e+01 3.689161551507493897e+01 3.689161551507493897e+01 3.689161551507493897e+01 3.689161551507493897e+01 3.689161551507493897e+01 3.689161551507493897e+01 3.689161551507493897e+01 3.689161551507493897e+01 3.689161551507493897e+01 3.689161551507493897e+01 3.689161551507493897e+01
3.628201004632493465e+01 3.628201004632493465e+01 3.628201004632493465e+01 3.628201004632493465e+01 3.628201004632493465e+01 3.628201004632493465e+01 3.628201004632493465e+01 3.628201004632493465e+01 3.628201004632493465e+01 3.628201004632493465e+01 3.628201004632493465e+01 3.628201004632493465e+01 3.628201004632493465e+01 3.628201004632493465e+01 3.628201004632493465e+01
3.567240457757493743e+01 3.567240457757493743e+01 3.567240457757493743e+01 3.567240457757493743e+01 3.567240457757493743e+01 3.567240457757493743e+01 3.567240457757493743e+01 3.567240457757493743e+01 3.567240457757493743e+01 3.567240457757493743e+01 3.567240457757493743e+01 3.567240457757493743e+01 3.567240457757493743e+01 3.567240457757493743e+01 3.567240457757493743e+01
3.506279910882493311e+01 3.506279910882493311e+01 3.506279910882493311e+01 3.506279910882493311e+01 3.506279910882493311e+01 3.506279910882493311e+01 3.506279910882493311e+01 3.506279910882493311e+01 3.506279910882493311e+01 3.506279910882493311e+01 3.506279910882493311e+01 3.506279910882493311e+01 3.506279910882493311e+01 3.506279910882493311e+01 3.506279910882493311e+01
3.445319364007493590e+01 3.445319364007493590e+01 3.445319364007493590e+01 3.445319364007493590e+01 3.445319364007493590e+01 3.445319364007493590e+01 3.445319364007493590e+01 3.445319364007493590e+01 3.445319364007493590e+01 3.445319364007493590e+01 3.445319364007493590e+01 3.445319364007493590e+01 3.445319364007493590e+01 3.445319364007493590e+01 3.445319364007493590e+01
3.384358817132493868e+01 3.384358817132493868e+01 3.384358817132493868e+01 3.384358817132493868e+01 3.384358817132493868e+01 3.384358817132493868e+01 3.384358817132493868e+01 3.384358817132493868e+01 3.384358817132493868e+01 3.384358817132493868e+01 3.384358817132493868e+01 3.384358817132493868e+01 3.384358817132493868e+01 3.384358817132493868e+01 3.384358817132493868e+01
3.323398270257494147e+01 3.323398270257494147e+01 3.323398270257494147e+01 3.323398270257494147e+01 3.323398270257494147e+01 3.323398270257494147e+01 3.323398270257494147e+01 3.323398270257494147e+01 3.323398270257494147e+01 3.323398270257494147e+01 3.323398270257494147e+01 3.323398270257494147e+01 3.323398270257494147e+01 3.323398270257494147e+01 3.323398270257494147e+01
3.262437723382493715e+01 3.262437723382493715e+01 3.262437723382493715e+01 3.262437723382493715e+01 3.262437723382493715e+01 3.262437723382493715e+01 3.262437723382493715e+01 3.262437723382493715e+01 3.262437723382493715e+01 3.262437723382493715e+01 3.262437723382493715e+01 3.262437723382493715e+01 3.262437723382493715e+01 3.262437723382493715e+01 3.262437723382493715e+01
3.201477176507493994e+01 3.201477176507493994e+01 3.201477176507493994e+01 3.201477176507493994e+01 3.201477176507493994e+01 3.201477176507493994e+01 3.201477176507493994e+01 3.201477176507493994e+01 3.201477176507493994e+01 3.201477176507493994e+01 3.201477176507493994e+01 3.201477176507493994e+01 3.201477176507493994e+01 3.201477176507493994e+01 3.201477176507493994e+01
3.140516629632493562e+01 3.140516629632493562e+01 3.140516629632493562e+01 3.140516629632493562e+01 3.140516629632493562e+01 3.140516629632493562e+01 3.140516629632493562e+01 3.140516629632493562e+01 3.140516629632493562e+01 3.140516629632493562e+01 3.140516629632493562e+01 3.140516629632493562e+01 3.140516629632493562e+01 3.140516629632493562e+01 3.140516629632493562e+01
3.079556082757493840e+01 3.079556082757493840e+01 3.079556082757493840e+01 3.079556082757493840e+01 3.079556082757493840e+01 3.079556082757493840e+01 3.079556082757493840e+01 3.079556082757493840e+01 3.079556082757493840e+01 3.079556082757493840e+01 3.079556082757493840e+01 3.079556082757493840e+01 3.079556082757493840e+01 3.079556082757493840e+01 3.079556082757493840e+01
3.018595535882494119e+01 3.018595535882494119e+01 3.018595535882494119e+01 3.018595535882494119e+01 3.018595535882494119e+01 3.018595535882494119e+01 3.018595535882494119e+01 3.018595535882494119e+01 3.018595535882494119e+01 3.018595535882494119e+01 3.018595535882494119e+01 3.018595535882494119e+01 3.018595535882494119e+01 3.018595535882494119e+01 3.018595535882494119e+01
2.957634989007493687e+01 2.957634989007493687e+01 2.957634989007493687e+01 2.957634989007493687e+01 2.957634989007493687e+01 2.957634989007493687e+01 2.957634989007493687e+01 2.957634989007493687e+01 2.957634989007493687e+01 2.957634989007493687e+01 2.957634989007493687e+01 2.957634989007493687e+01 2.957634989007493687e+01 2.957634989007493687e+01 2.957634989007493687e+01
2.896674442132493965e+01 2.896674442132493965e+01 2.896674442132493965e+01 2.896674442132493965e+01 2.896674442132493965e+01 2.896674442132493965e+01 2.896674442132493965e+01 2.896674442132493965e+01 2.896674442132493965e+01 2.896674442132493965e+01 2.896674442132493965e+01 2.896674442132493965e+01 2.896674442132493965e+01 2.896674442132493965e+01 2.896674442132493965e+01
2.835713895257493533e+01 2.835713895257493533e+01 2.835713895257493533e+01 2.835713895257493533e+01 2.835713895257493533e+01 2.835713895257493533e+01 2.835713895257493533e+01 2.835713895257493533e+01 2.835713895257493533e+01 2.835713895257493533e+01 2.835713895257493533e+01 2.835713895257493533e+01 2.835713895257493533e+01 2.835713895257493533e+01 2.835713895257493533e+01
2.774753348382493812e+01 2.774753348382493812e+01 2.774753348382493812e+01 2.774753348382493812e+01 2.774753348382493812e+01 2.774753348382493812e+01 2.774753348382493812e+01 2.774753348382493812e+01 2.774753348382493812e+01 2.774753348382493812e+01 2.774753348382493812e+01 2.774753348382493812e+01 2.774753348382493812e+01 2.774753348382493812e+01 2.774753348382493812e+01
