6.674089209897832120e+01
6.608980989603730904e+01
6.544049560449691683e+01
6.479297654293559106e+01
6.414727488892772556e+01
6.350340771914208915e+01
6.286138706604325677e+01
6.222121999152427918e+01
6.158290867761333942e+01
6.094645053420364889e+01
6.031183832355630159e+01
5.967906030112553850e+01
5.904810037205879780e+01
5.841893826253508593e+01
5.779154970492748333e+01
5.716590663561512997e+01
5.654197740412729445e+01
5.591972699218331400e+01
5.529911724109624060e+01
5.468010708593927660e+01
5.406265279483114483e+01
5.344670821168051589e+01
5.283222500073959793e+01
5.221915289135134230e+01
5.160743992133151892e+01
5.099703267750427926e+01
5.038787653200408556e+01
4.977991587306599541e+01
4.917309432914627365e+01
4.856735498534362705e+01
4.796264059122483303e+01
4.735889375929382794e+01
4.675605715347845859e+01
4.615407366714132564e+01
4.555288659024824227e+01
4.495243976544846021e+01
4.435267773293347204e+01
4.375354586404500878e+01
4.315499048369610335e+01
4.255695898175348901e+01
4.195939991360262411e+01
4.136226309017997949e+01
4.076549965781040186e+01
4.016906216823127806e+01
3.957290463922009849e+01
3.897698260626819433e+01
3.838125316576297053e+01
3.778567501015248098e+01
3.719020845557261623e+01
3.659481546241763539e+01
3.599945964933092313e+01
3.540410630108502232e+01
3.480872237080874498e+01
3.421327647700552177e+01
3.361773889579114893e+01
3.302208154876159085e+01
3.242627798688272378e+01
3.183030337077460814e+01
3.123413444774255154e+01
3.063774952588756406e+01
3.004112844560832229e+01
2.944425254878731124e+01
2.884710464593444001e+01
2.824966898154244888e+01
2.765193119789086751e+01
