6.673945674388896521e+01
6.608448063993979815e+01
6.542995761843641844e+01
6.477597825859648140e+01
6.412263230967386107e+01
6.347000848286066343e+01
6.281819423533341507e+01
6.216727554691876634e+01
6.151733669000771698e+01
6.086845999351258030e+01
6.022072560183482182e+01
5.957421122999152630e+01
5.892899191623072142e+01
5.828513977364706733e+01
5.764272374248407971e+01
5.700180934497348062e+01
5.636245844470926869e+01
5.572472901268017864e+01
5.508867490218125340e+01
5.445434563489024526e+01
5.382178620042119377e+01
5.319103687165200967e+01
5.256213303806195825e+01
5.193510505920737330e+01
5.130997814030801152e+01
5.068677223171413004e+01
5.006550195377850088e+01
4.944617654837153253e+01
4.882879985795836575e+01
4.821337033281081830e+01
4.759988106656332008e+01
4.698831985994895888e+01
4.637866931217960342e+01
4.577090693907253893e+01
4.516500531668351215e+01
4.456093224889209381e+01
4.395865095710668413e+01
4.335812029001954215e+01
4.275929495115092038e+01
4.216212574177966133e+01
4.156655981676561140e+01
4.097254095072641888e+01
4.038000981203646234e+01
3.978890424216480426e+01
3.919915953795794650e+01
3.861070873459614461e+01
3.802348288710471991e+01
3.743741134847589080e+01
3.685242204264803689e+01
3.626844173079135913e+01
3.568539626955576693e+01
3.510321086014401004e+01
3.452181028727613921e+01
3.394111914730637380e+01
3.336106206493770543e+01
3.278156389815038096e+01
3.220254993111674935e+01
3.162394605501501132e+01
3.104567893677823420e+01
3.046767617592297483e+01
2.988986644969257256e+01
2.931217964682706167e+01
2.873454699033295867e+01
2.815690114967456381e+01
2.757917634284508068e+01
