1093.048  1105.000     0.000     0.000     0.000     0.000     0.000     0.000     0.000     0.000
1105.000  1088.059  1105.000     0.000     0.000  1100.000  1100.000  1110.000     0.000     0.000
   0.000  1100.000  1082.419  1077.408  1073.636  1070.909  1068.318  1090.000     0.000     0.000
1110.000  1100.000  1090.000  1085.000  1071.934  1080.000  1080.000  1065.455  1100.000     0.000
1110.000  1100.000  1085.000  1080.000  1078.000  1066.509  1077.000  1062.455  1070.909  1077.727
1105.000  1095.000  1080.000  1077.000  1073.000  1061.792  1070.000  1058.000  1085.000  1095.000
1105.000  1090.000  1075.000  1072.000  1070.000  1057.075  1053.500  1069.000  1090.000     0.000
   0.000  1080.000  1070.000  1068.000  1063.000  1046.250  1049.250  1067.000  1090.000     0.000
   0.000  1075.000  1065.000  1062.000  1058.000  1042.727  1055.000  1065.000  1090.000     0.000
   0.000  1070.000  1060.000  1055.000  1046.000  1046.000  1038.182  1060.000  1088.000  1100.000
   0.000  1055.000  1050.000  1045.000  1041.000  1042.000  1033.636  1050.000  1075.000     0.000
1027.000  1028.000  1028.000  1032.000  1032.000  1033.000  1029.091  1040.000  1060.000     0.000
 991.875   996.875  1003.125  1009.375  1015.625  1021.875  1027.419  1032.500  1050.000     0.000
   0.000  1030.000  1040.000  1045.000  1050.000  1050.000  1050.000  1050.000  1037.581     0.000
   0.000     0.000  1080.000  1080.000  1080.000  1080.000     0.000     0.000     0.000     0.000
