160.0  159.0  157.4  155.9  154.3  152.7  151.6  150.8  150.0  149.2  148.4  147.3  145.7  144.1  142.6  141.0  140.0
160.0  159.0  157.4  155.9  154.3  152.7  151.6  150.8  150.0  149.2  148.4  147.3  145.7  144.1  142.6  141.0  140.0
160.0  159.0  157.4  155.9  154.3  152.7  151.6  150.8  150.0  149.2  148.4  147.3  145.7  144.1  142.6  141.0  140.0
160.0  159.0  157.4  155.9  154.3  152.7  151.6  150.8  150.0  149.2  148.4  147.3  145.7  144.1  142.6  141.0  140.0
160.0  159.0  157.4  155.9  154.3  152.7  151.6  150.8  150.0  149.2  148.4  147.3  145.7  144.1  142.6  141.0  140.0
160.0  159.0  157.4  155.9  154.3  152.7  151.6  150.8  150.0  149.2  148.4  147.3  145.7  144.1  142.6  141.0  140.0
160.0  159.0  157.4  155.9  154.3  152.7  105.0  105.0  105.0  105.0  105.0  147.3  145.7  144.1  142.6  141.0  140.0
160.0  159.0  157.4  155.9  154.3  152.7  105.0  95.00  95.00  95.00  105.0  147.3  145.7  144.1  142.6  141.0  140.0
160.0  159.0  157.4  155.9  154.3  152.7  105.0  95.00  95.00  95.00  105.0  147.3  145.7  144.1  142.6  141.0  140.0
160.0  159.0  157.4  155.9  154.3  152.7  105.0  95.00  95.00  95.00  105.0  147.3  145.7  144.1  142.6  141.0  140.0
160.0  159.0  157.4  155.9  154.3  152.7  105.0  105.0  105.0  105.0  105.0  147.3  145.7  144.1  142.6  141.0  140.0
160.0  159.0  157.4  155.9  154.3  152.7  151.6  150.8  150.0  149.2  148.4  147.3  145.7  144.1  142.6  141.0  140.0
160.0  159.0  157.4  155.9  154.3  152.7  151.6  150.8  150.0  149.2  148.4  147.3  145.7  144.1  142.6  141.0  140.0
160.0  159.0  157.4  155.9  154.3  152.7  151.6  150.8  150.0  149.2  148.4  147.3  145.7  144.1  142.6  141.0  140.0
160.0  159.0  157.4  155.9  154.3  152.7  151.6  150.8  150.0  149.2  148.4  147.3  145.7  144.1  142.6  141.0  140.0
160.0  159.0  157.4  155.9  154.3  152.7  151.6  150.8  150.0  149.2  148.4  147.3  145.7  144.1  142.6  141.0  140.0
160.0  159.0  157.4  155.9  154.3  152.7  151.6  150.8  150.0  149.2  148.4  147.3  145.7  144.1  142.6  141.0  140.0
