   0    0    0    0    0    0    0    0    0    0    0    0    0    0    0    0    0    0    0    0    0    0    0    0    0    0    0    0    0    0    0    0    0    0    0    0    0    0    0    0    0    0    0    0    0    0    0    0    0    0    0    0    0    0    0    0    0    0    0    0    0    0    0 2166 2148    0    0    0    0    0    0    0    0    0    0    0    0    0    0    0    0
   0    0    0    0    0    0    0    0    0    0    0    0    0    0    0    0    0    0    0    0    0    0    0    0    0    0    0    0    0    0    0    0    0    0    0    0    0    0    0    0    0    0    0    0    0    0    0    0    0    0    0    0    0    0    0    0    0    0    0    0    0    0 2170 2158 2136    0    0    0    0    0    0    0    0    0    0    0    0    0    0    0    0
   0    0    0    0    0    0    0    0    0    0    0    0    0    0    0    0    0    0    0    0    0    0    0    0    0    0    0    0    0    0    0    0    0    0    0    0    0    0    0    0    0    0    0    0    0    0    0    0    0    0    0    0    0    0    0    0    0    0    0    0    0    0 2161 2144 2124    0    0    0    0    0    0    0    0    0    0    0    0    0    0    0    0
   0    0    0    0    0    0    0    0    0    0    0    0    0    0    0    0    0    0    0    0    0    0    0    0    0    0    0    0    0    0    0    0    0    0    0    0    0    0    0    0    0    0    0    0    0    0    0    0    0    0    0    0    0    0    0    0    0    0    0    0    0 2158 2152 2128 2121    0    0    0    0    0    0    0    0    0    0    0    0    0    0    0    0
   0    0    0    0    0    0    0    0    0    0    0    0    0    0    0    0    0    0    0    0    0    0    0    0    0    0    0    0    0    0    0    0    0    0    0    0    0    0    0    0    0    0    0    0    0    0    0    0    0    0    0    0    0    0    0    0    0    0    0    0    0 2153 2141 2122 2120 2121    0    0    0    0    0    0    0    0    0    0    0    0    0    0    0
   0    0    0    0    0    0    0    0    0    0    0    0    0    0    0    0    0    0    0    0    0    0    0    0    0    0    0    0    0    0    0    0    0    0    0    0    0    0    0    0    0    0    0    0    0    0    0    0    0    0    0    0    0    0    0    0    0    0    0    0    0 2149 2134 2121 2119 2119 2117    0    0    0    0    0    0    0    0    0    0    0    0    0    0
   0    0    0    0    0    0    0    0    0    0    0    0    0    0    0    0    0    0    0    0    0    0    0    0    0    0    0    0    0    0    0    0    0    0    0    0    0    0    0    0    0    0    0    0    0    0    0    0    0    0    0    0    0    0    0    0    0    0    0    0 2156 2151 2136 2125 2118 2115 2114 2116    0    0    0    0    0    0    0    0    0    0    0    0    0
   0    0    0    0    0    0    0    0    0    0    0    0    0    0    0    0    0    0    0    0    0    0    0    0    0    0    0    0    0    0    0    0    0    0    0    0    0    0    0    0    0    0    0    0    0    0    0    0    0    0    0    0    0    0    0    0    0    0    0    0 2160 2153 2142 2130 2117 2111 2112 2115 2120 2123 2125    0    0    0    0    0    0    0    0    0    0
   0    0    0    0    0    0    0    0    0    0    0    0    0    0    0    0    0    0    0    0    0    0    0    0    0    0    0    0    0    0    0    0    0    0    0    0    0    0    0    0    0    0    0    0    0    0    0    0 2185 2184    0    0    0    0    0    0    0    0 2152 2156 2155 2146 2138 2128 2114 2109 2110 2114 2119 2124 2126 2122 2120 2121 2123    0    0    0    0    0    0
   0    0    0    0    0    0    0    0    0    0    0    0    0    0    0    0    0    0    0    0    0    0    0    0    0    0    0    0    0    0    0    0    0    0    0    0    0    0    0    0    0    0    0    0    0    0    0 2188 2183 2182 2186 2181 2172    0    0    0 2153 2151 2149 2148 2147 2142 2133 2121 2112 2107 2108 2109 2118 2122 2125 2123 2118 2119 2120 2122    0    0    0    0    0
   0    0    0    0    0    0    0    0    0    0    0    0    0    0    0    0    0    0    0    0    0    0    0    0    0    0    0    0    0    0    0    0    0    0    0    0    0    0    0    0    0    0    0    0    0    0 2194 2186 2178 2179 2176 2169 2166 2165 2163 2160 2156 2150 2147 2144 2141 2138 2130 2119 2110 2105 2106 2107 2116 2123 2124 2122 2117 2112 2114 2118    0    0    0    0    0
   0    0    0    0    0    0    0    0    0    0    0    0    0    0    0    0    0    0    0    0    0    0    0    0    0    0    0    0    0    0    0    0    0    0    0    0    0    0    0    0    0    0    0    0    0    0 2193 2182 2174 2167 2158 2156 2157 2161 2162 2159 2154 2148 2143 2139 2136 2135 2131 2118 2109 2104 2105 2105 2112 2117 2120 2119 2115 2110 2108 2112 2117    0    0    0    0
   0    0    0    0    0    0    0    0    0    0    0    0    0    0    0    0    0    0    0    0    0    0    0    0    0    0    0    0    0    0    0    0    0    0    0    0    0    0    0    0    0    0    0    0 2207 2197 2187 2179 2171 2159 2150 2144 2145 2152 2157 2156 2151 2145 2140 2135 2132 2130 2127 2117 2108 2103 2102 2102 2107 2110 2112 2114 2112 2107 2102 2109 2116 2123    0    0    0
   0    0    0    0    0    0    0    0    0    0    0    0    0    0    0    0    0    0    0    0    0    0    0    0    0    0    0    0    0    0    0    0    0    0    0    0    0    0    0    0    0 2219 2213 2209 2200 2185 2178 2172 2161 2156 2151 2147 2135 2140 2147 2149 2147 2142 2137 2130 2129 2126 2122 2116 2111 2102 2100 2098 2101 2104 2107 2108 2106 2100 2099 2108 2115 2124 2128    0    0
   0    0    0    0    0    0    0    0    0    0    0    0    0    0    0    0    0    0    0    0    0    0    0    0    0    0    0    0    0    0    0    0    0    0    0    0    0    0    0    0 2225 2218 2208 2206 2191 2180 2174 2167 2158 2155 2150 2148 2133 2128 2132 2136 2139 2138 2134 2128 2125 2121 2118 2115 2110 2104 2099 2094 2095 2097 2101 2102 2099 2094 2095 2103 2113 2121 2127 2131    0
   0    0    0    0    0    0    0    0    0    0    0    0    0    0    0    0    0    0    0    0    0    0    0    0    0    0    0    0    0    0    0    0    0    0    0    0    0    0    0 2230 2222 2224 2226 2215 2198 2188 2179 2168 2157 2154 2149 2142 2131 2122 2117 2121 2130 2131 2127 2123 2120 2116 2113 2108 2109 2103 2098 2091 2092 2094 2096 2095 2092 2088 2089 2097 2109 2120 2126 2128    0
   0    0    0    0    0    0    0    0    0    0    0    0    0    0    0    0    0    0    0    0    0    0    0    0    0    0    0    0    0    0    0    0    0    0    0    0    0    0    0 2235 2240 2241 2235 2220 2202 2191 2181 2175 2164 2155 2148 2141 2135 2126 2107 2106 2120 2122 2119 2116 2112 2110 2107 2107 2106 2104 2100 2090 2087 2090 2092 2091 2085 2082 2081 2090 2106 2119 2122 2123    0
   0    0    0    0    0    0    0    0    0    0    0    0    0    0    0    0    0    0    0    0    0    0    0    0    0    0    0    0    0    0    0    0    0    0    0    0    0    0    0 2248 2242 2233 2221 2207 2193 2180 2171 2165 2157 2150 2146 2140 2136 2123 2100 2094 2109 2113 2111 2108 2106 2106 2104 2105 2103 2102 2099 2089 2083 2088 2089 2088 2084 2076 2075 2082 2096 2110 2115 2119    0
   0    0    0    0    0    0    0    0    0    0    0    0    0    0    0    0    0    0    0    0    0    0    0    0    0    0    0    0    0    0    0    0    0    0 2262 2252 2253 2251 2243 2234 2224 2213 2203 2191 2180 2170 2162 2153 2143 2136 2130 2126 2124 2109 2087 2086 2098 2102 2101 2099 2100 2098 2099 2102 2101 2099 2096 2088 2080 2085 2086 2084 2081 2072 2070 2076 2085 2097 2107 2113 2115
   0    0    0    0    0    0    0    0    0    0    0    0    0    0    0    0    0    0    0    0    0    0    0    0    0    0    0    0    0    0    0    0 2270 2256 2240 2225 2228 2227 2222 2213 2204 2193 2182 2172 2162 2155 2150 2146 2137 2124 2112 2102 2100 2090 2073 2075 2085 2093 2092 2093 2094 2093 2096 2098 2100 2098 2091 2085 2075 2077 2078 2073 2068 2065 2063 2066 2074 2084 2100 2108 2112
   0    0    0    0    0    0    0    0    0    0    0    0    0    0    0    0    0    0    0    0    0    0    0    0    0    0    0    0    0 2284 2273 2256 2243 2231 2213 2196 2201 2202 2199 2192 2184 2174 2164 2153 2145 2139 2134 2129 2123 2115 2103 2086 2075 2066 2060 2064 2074 2082 2083 2084 2086 2090 2094 2097 2096 2090 2084 2078 2069 2063 2066 2062 2060 2061 2059 2060 2064 2075 2093 2102 2106
   0    0    0    0    0    0    0    0    0    0    0    0    0    0    0    0    0    0    0    0    0    0    0    0    0    0    0 2277 2273 2264 2245 2229 2218 2207 2191 2173 2179 2181 2178 2172 2164 2155 2145 2134 2124 2119 2116 2113 2108 2104 2096 2081 2065 2055 2050 2055 2066 2073 2074 2077 2083 2087 2091 2093 2089 2083 2079 2074 2065 2058 2055 2056 2055 2058 2060 2061 2062 2068 2084 2095 2100
   0    0    0    0    0    0    0    0    0    0    0    0    0    0    0    0    0    0    0    0    0    0    0    0 2319 2302 2278 2261 2248 2234 2216 2204 2196 2187 2175 2164 2163 2164 2160 2153 2145 2132 2119 2110 2106 2103 2101 2097 2092 2089 2088 2080 2062 2048 2042 2048 2056 2060 2064 2072 2080 2086 2089 2088 2082 2078 2075 2070 2063 2055 2052 2054 2056 2057 2058 2059 2063 2064 2075 2090 2096
   0    0    0    0    0    0    0    0    0    0    0    0    0    0    0    0    0    0    0    0    0    0 2330 2316 2300 2283 2257 2236 2223 2206 2193 2185 2178 2171 2163 2156 2151 2149 2143 2135 2124 2111 2101 2094 2090 2087 2083 2079 2076 2077 2078 2072 2059 2044 2036 2038 2046 2049 2056 2071 2077 2082 2087 2087 2080 2073 2071 2067 2062 2053 2049 2051 2057 2064 2068 2069 2064 2065 2077 2095 2107
   0    0    0    0    0    0    0    0    0    0    0    0    0    0    0    0    0    0    0    0 2371 2337 2311 2295 2281 2265 2240 2215 2196 2184 2177 2170 2163 2157 2151 2147 2142 2133 2128 2119 2107 2096 2087 2080 2074 2070 2066 2064 2063 2067 2068 2065 2054 2040 2031 2028 2033 2038 2048 2065 2073 2078 2083 2086 2077 2070 2068 2066 2062 2051 2046 2051 2057 2065 2071 2075 2073 2071 2080 2098    0
   0    0    0    0    0    0    0    0    0    0    0    0    0    0    0    0    0    0 2380 2373 2353 2323 2294 2282 2270 2250 2226 2200 2177 2168 2163 2157 2151 2145 2139 2136 2132 2122 2115 2106 2095 2084 2072 2066 2062 2056 2053 2051 2054 2057 2059 2058 2052 2043 2033 2023 2022 2030 2042 2058 2067 2071 2077 2079 2069 2066 2065 2064 2061 2048 2045 2047 2053 2063 2072 2078 2082 2076 2079    0    0
   0    0    0    0    0    0    0    0    0    0    0    0    0    0    0    0    0 2369 2364 2354 2341 2313 2281 2272 2259 2239 2216 2191 2166 2156 2151 2146 2140 2135 2130 2125 2121 2111 2106 2100 2088 2071 2061 2055 2050 2045 2041 2040 2044 2048 2050 2051 2049 2042 2032 2017 2018 2025 2037 2052 2062 2066 2070 2068 2065 2060 2061 2062 2060 2051 2044 2043 2048 2060 2073 2081    0    0    0    0    0
   0    0    0    0    0    0    0    0    0    0    0    0    0    0    0    0 2370 2363 2351 2342 2328 2303 2273 2260 2246 2227 2207 2187 2165 2148 2141 2134 2130 2125 2120 2117 2114 2107 2099 2092 2080 2065 2053 2047 2042 2037 2032 2033 2036 2039 2043 2045 2043 2039 2030 2016 2013 2020 2032 2046 2055 2061 2063 2062 2059 2055 2056 2057 2059 2058 2049 2047 2044 2056 2068 2082    0    0    0    0    0
   0    0    0    0    0    0    0    0    0    0    0 2467 2440 2419 2398 2377 2365 2353 2341 2331 2318 2292 2266 2248 2233 2216 2201 2183 2164 2147 2137 2129 2123 2117 2113 2110 2106 2101 2096 2082 2070 2058 2046 2040 2035 2030 2027 2026 2028 2031 2035 2038 2037 2033 2026 2014 2008 2016 2029 2039 2045 2052 2054 2053 2052 2049 2050 2052 2055 2057 2053 2050 2043 2050 2061 2071    0    0    0    0    0
   0    0    0    0    0    0    0    0    0    0    0 2464 2434 2412 2391 2374 2358 2344 2335 2325 2311 2285 2268 2247 2227 2209 2190 2175 2163 2152 2136 2128 2119 2111 2105 2101 2096 2090 2083 2071 2060 2052 2044 2039 2038 2032 2025 2021 2020 2024 2028 2030 2031 2027 2020 2007 2003 2015 2027 2031 2035 2041 2043 2045 2046 2043 2044 2047 2053 2056 2055 2052 2042 2045 2052 2058    0    0    0    0    0
   0    0    0    0    0    0    0    0    0    0 2509 2466 2438 2411 2389 2370 2355 2342 2333 2320 2306 2287 2270 2250 2230 2214 2194 2173 2162 2149 2136 2126 2118 2110 2100 2093 2086 2079 2073 2063 2055 2050 2054 2051 2050 2044 2033 2022 2018 2017 2020 2023 2026 2023 2014 2001 1999 2011 2021 2022 2026 2031 2036 2039 2040 2036 2037 2043 2051 2053 2054 2053 2038 2040 2046 2049    0    0    0    0    0
   0    0    0    0    0    0    0    0    0 2543 2519 2480 2451 2418 2387 2368 2354 2343 2335 2325 2309 2294 2276 2253 2231 2212 2192 2179 2172 2157 2141 2130 2123 2115 2104 2094 2087 2082 2077 2067 2058 2059 2072 2075 2074 2062 2040 2024 2017 2013 2010 2012 2018 2016 2011 1999 1994 1998 2008 2010 2017 2023 2030 2035 2034 2029 2032 2040 2049 2052 2050 2048 2034 2036 2041 2044    0    0    0    0    0
   0    0    0    0    0    0    0    0 2554 2551 2517 2481 2450 2419 2388 2374 2362 2353 2346 2336 2320 2301 2274 2252 2232 2211 2199 2191 2180 2162 2145 2134 2126 2116 2108 2102 2094 2088 2084 2070 2061 2067 2076 2079 2078 2068 2046 2027 2019 2014 2011 2003 2005 2008 2005 1998 1992 1989 1994 2000 2006 2014 2021 2025 2024 2021 2027 2037 2044 2047 2044 2042 2030 2029 2037 2039    0    0    0    0    0
   0    0    0    0    0    0 2558 2548 2550 2538 2508 2471 2442 2415 2396 2386 2379 2373 2367 2356 2335 2307 2276 2257 2239 2221 2210 2207 2195 2172 2155 2142 2130 2121 2114 2107 2098 2095 2089 2075 2066 2068 2077 2081 2074 2060 2049 2032 2023 2020 2016 2004 1994 1991 1993 1991 1990 1987 1986 1988 1993 2002 2008 2009 2010 2012 2022 2032 2039 2040 2036 2035 2026 2018 2028 2034    0    0    0    0    0
   0    0    0    0    0 2574 2555 2542 2536 2524 2491 2455 2430 2409 2397 2390 2382 2377 2372 2366 2348 2318 2281 2260 2246 2224 2209 2205 2197 2177 2161 2147 2136 2128 2119 2111 2104 2099 2092 2077 2070 2072 2080 2079 2065 2054 2045 2033 2028 2026 2015 2003 1995 1990 1986 1984 1989 1991 1981 1980 1983 1988 1993 1996 1997 2004 2014 2024 2031 2032 2030 2028 2020 2011 2020 2028    0    0    0    0    0
   0    0    0    0    0 2571 2554 2535 2526 2504 2471 2440 2417 2396 2387 2379 2368 2359 2358 2359 2352 2330 2293 2268 2248 2232 2218 2196 2185 2173 2160 2151 2142 2132 2121 2113 2107 2103 2094 2076 2074 2079 2085 2084 2066 2055 2044 2037 2036 2033 2017 2005 1997 1992 1987 1983 1980 1978 1977 1976 1975 1978 1980 1982 1989 1998 2006 2013 2018 2019 2023 2019 2007 2009 2019 2026    0    0    0    0    0
   0    0    0    0    0 2570 2553 2534 2514 2484 2453 2423 2402 2383 2369 2359 2349 2342 2339 2338 2338 2326 2298 2269 2254 2249 2235 2216 2200 2187 2175 2158 2144 2133 2123 2117 2112 2104 2092 2081 2088 2092 2093 2090 2079 2061 2048 2047 2051 2045 2028 2012 2000 1994 1989 1985 1981 1979 1975 1974 1973 1972 1974 1976 1984 1991 1996 2000 2004 2003 2001 1997 1994 2006 2017 2023    0    0    0    0    0
   0    0    0    0    0 2569 2552 2533 2502 2471 2438 2412 2388 2367 2358 2351 2344 2337 2332 2326 2318 2308 2294 2288 2276 2259 2241 2226 2210 2196 2181 2161 2146 2137 2129 2121 2114 2103 2090 2093 2104 2105 2102 2096 2087 2068 2055 2058 2063 2055 2037 2016 2005 1997 1992 1987 1986 1982 1978 1975 1972 1971 1971 1973 1979 1983 1987 1986 1989 1988 1984 1977 1981 1995 2011 2016 2018    0    0    0    0
   0    0    0    0    0 2573 2556 2525 2487 2455 2426 2405 2382 2364 2357 2352 2346 2341 2340 2338 2332 2326 2316 2305 2285 2267 2251 2234 2215 2197 2181 2163 2150 2142 2133 2125 2114 2102 2094 2108 2116 2113 2109 2103 2090 2075 2066 2068 2074 2060 2040 2024 2012 2004 1998 1994 1991 1987 1983 1976 1975 1973 1970 1969 1968 1972 1975 1974 1973 1972 1970 1968 1970 1982 1999 2013 2015    0    0    0    0
   0    0    0    0 2577 2567 2542 2504 2475 2440 2412 2399 2387 2372 2367 2361 2355 2354 2356 2357 2354 2344 2327 2310 2295 2277 2258 2235 2212 2196 2182 2166 2153 2143 2135 2126 2115 2103 2102 2119 2126 2122 2117 2115 2100 2082 2075 2071 2078 2075 2058 2034 2020 2013 2008 2004 2000 1999 1995 1989 1985 1976 1974 1973 1971 1965 1962 1961 1960 1960 1959 1960 1963 1971 1986 2003 2009 2010    0    0    0
   0    0    0    0 2576 2555 2522 2486 2461 2427 2402 2394 2388 2385 2384 2376 2374 2373 2372 2371 2366 2350 2328 2311 2294 2275 2255 2230 2213 2200 2187 2172 2156 2144 2136 2125 2114 2105 2114 2132 2141 2133 2123 2120 2118 2095 2082 2080 2089 2088 2076 2048 2033 2027 2024 2022 2017 2016 2010 2011 2003 1986 1979 1981 1988 1993 1987 1971 1959 1958 1954 1953 1952 1958 1967 1977 1985 1988 1995    0    0
   0    0    0 2590 2572 2540 2506 2472 2444 2417 2401 2397 2400 2406 2407 2402 2401 2392 2378 2367 2351 2336 2319 2304 2287 2270 2253 2231 2216 2206 2193 2178 2161 2147 2137 2124 2112 2109 2122 2143 2152 2145 2131 2121 2119 2111 2091 2093 2101 2097 2087 2069 2057 2047 2046 2042 2036 2032 2027 2020 2006 1992 1987 1991 2001 2006 2005 2001 1980 1957 1951 1947 1944 1946 1951 1957 1964 1966 1965    0    0
   0    0    0 2594 2561 2522 2493 2469 2441 2420 2410 2414 2418 2425 2428 2427 2420 2405 2374 2353 2338 2323 2309 2296 2281 2266 2250 2237 2225 2207 2196 2181 2165 2148 2142 2136 2126 2113 2120 2139 2147 2144 2137 2124 2117 2113 2099 2104 2108 2108 2102 2094 2083 2074 2068 2063 2053 2043 2033 2019 2007 1995 1993 2002 2010 2013 2014 2012 2000 1968 1956 1949 1943 1941 1940 1942 1945 1946 1942 1937    0
   0    0 2611 2583 2555 2532 2505 2478 2453 2434 2428 2430 2434 2443 2445 2443 2437 2421 2393 2367 2344 2324 2310 2297 2283 2272 2257 2241 2230 2215 2199 2182 2169 2155 2149 2146 2143 2127 2118 2129 2138 2139 2139 2131 2118 2108 2102 2109 2115 2119 2120 2115 2107 2100 2091 2080 2067 2054 2034 2020 2011 2000 2001 2011 2018 2021 2020 2015 1998 1976 1961 1953 1947 1942 1939 1937 1935 1934 1932 1928    0
   0 2631 2590 2556 2537 2533 2515 2491 2461 2446 2444 2443 2452 2456 2458 2459 2457 2441 2414 2385 2356 2333 2315 2304 2288 2276 2261 2242 2229 2217 2201 2184 2173 2163 2156 2152 2148 2137 2122 2124 2132 2140 2144 2141 2128 2113 2105 2110 2119 2127 2133 2135 2134 2127 2115 2098 2077 2058 2035 2022 2014 2006 2008 2015 2025 2025 2024 2014 1997 1978 1964 1955 1949 1944 1941 1938 1936 1935 1933 1929    0
   0 2624 2572 2538 2536 2535 2523 2501 2480 2462 2452 2456 2466 2468 2470 2473 2476 2463 2431 2403 2372 2347 2327 2311 2299 2286 2266 2244 2227 2215 2203 2188 2175 2166 2157 2154 2149 2138 2126 2125 2133 2143 2150 2152 2142 2125 2109 2111 2125 2136 2146 2153 2157 2151 2133 2113 2086 2059 2039 2027 2020 2011 2012 2018 2026 2028 2025 2011 2000 1977 1965 1956 1951 1946 1943 1942 1940 1938    0    0    0
2649 2623 2570 2541 2529 2521 2520 2517 2493 2472 2473 2481 2482 2481 2483 2486 2489 2473 2442 2415 2387 2358 2337 2321 2309 2296 2272 2249 2229 2210 2202 2189 2175 2167 2159 2152 2145 2134 2127 2128 2136 2147 2156 2161 2157 2138 2117 2112 2128 2143 2158 2172 2175 2164 2147 2124 2092 2062 2043 2033 2028 2018 2019 2022 2027 2029 2020 2012 1999 1982 1971 1961 1954 1950 1951 1950 1948 1944    0    0    0
   0 2631 2589 2554 2537 2525 2540 2536 2505 2496 2499 2504 2500 2494 2496 2500 2499 2484 2461 2429 2402 2371 2347 2330 2315 2300 2277 2254 2232 2211 2198 2187 2176 2166 2158 2149 2142 2133 2129 2131 2139 2149 2159 2165 2167 2152 2125 2115 2124 2144 2169 2185 2192 2177 2159 2135 2101 2072 2049 2035 2029 2026 2027 2028 2032 2025 2016 2008 1998 1986 1976 1962 1957 1956 1964 1960 1956    0    0    0    0
   0    0 2618 2588 2565 2552 2568 2560 2543 2522 2523 2525 2521 2508 2509 2513 2512 2496 2475 2445 2417 2388 2358 2338 2319 2303 2282 2259 2235 2212 2195 2183 2173 2164 2156 2147 2141 2134 2132 2133 2141 2150 2160 2168 2174 2163 2137 2118 2120 2140 2172 2196 2207 2194 2169 2145 2112 2080 2054 2039 2034 2035 2036 2034 2031 2023 2012 2004 1994 1983 1974 1966 1963 1968 1978 1974    0    0    0    0    0
   0    0    0 2622 2603 2595 2591 2589 2582 2559 2553 2544 2533 2526 2523 2526 2523 2506 2483 2453 2426 2401 2370 2347 2325 2309 2287 2261 2236 2210 2197 2181 2170 2161 2151 2146 2140 2136 2135 2142 2152 2161 2169 2178 2181 2175 2150 2126 2121 2136 2170 2198 2214 2205 2181 2152 2120 2089 2066 2049 2042 2044 2043 2040 2030 2022 2013 2005 1995 1984 1976 1972 1969 1974 1986 1991    0    0    0    0    0
   0    0    0    0    0    0    0    0 2610 2594 2574 2557 2540    0    0 2538 2535 2516 2487 2456 2431 2408 2380 2354 2331 2313 2291 2264 2238 2214 2196 2182 2169 2159 2152 2147 2142 2138 2142 2155 2165 2175 2188 2197 2199 2192 2166 2138 2127 2135 2168 2199 2220 2215 2192 2160 2127 2099 2077 2060 2050 2052 2054 2048 2033 2023 2015 2007 1997 1988 1982 1977 1976 1980 1990 1998    0    0    0    0    0
   0    0    0    0    0    0    0    0    0    0    0    0    0    0    0    0 2537 2518 2488 2460 2433 2410 2387 2360 2339 2318 2291 2266 2240 2216 2197 2181 2168 2158 2153 2148 2144 2143 2153 2166 2180 2194 2209 2220 2224 2211 2179 2154 2143 2142 2169 2200 2221 2219 2197 2165 2134 2108 2085 2073 2059 2060 2065 2061 2043 2028 2019 2011 2002 1994 1989 1984 1985 1989 1997 2007    0    0    0    0    0
   0    0    0    0    0    0    0    0    0    0    0    0    0    0    0    0    0 2514 2486 2459 2432 2409 2390 2374 2349 2320 2292 2267 2241 2217 2199 2181 2169 2159 2154 2149 2148 2150 2161 2174 2193 2213 2230 2241 2245 2225 2192 2168 2157 2154 2171 2202 2222 2225 2198 2166 2138 2113 2093 2080 2070 2069 2074 2072 2056 2034 2022 2015 2007 2000 1995 1992 1995 2000 2006 2012    0    0    0    0    0
   0    0    0    0    0    0    0    0    0    0    0    0    0    0    0    0    0    0 2483 2457 2429 2406 2391 2381 2350 2320 2293 2269 2238 2218 2200 2182 2170 2161 2155 2151 2149 2155 2163 2177 2195 2219 2238 2253 2258 2232 2201 2180 2169 2162 2177 2204 2224 2228 2199 2167 2143 2118 2098 2089 2081 2080 2079 2077 2065 2042 2028 2021 2016 2013 2001 1998 2003 2010 2013 2019    0    0    0    0    0
   0    0    0    0    0    0    0    0    0    0    0    0    0    0    0    0    0    0 2481 2452 2422 2402 2388 2371 2344 2321 2294 2268 2239 2220 2202 2185 2172 2162 2156 2152 2150 2158 2165 2178 2196 2216 2236 2254 2263 2244 2213 2193 2181 2173 2182 2207 2229 2233 2200 2172 2152 2129 2107 2099 2094 2089 2085 2080 2066 2048 2036 2030 2029 2025 2010 2004 2013 2018 2022 2027    0    0    0    0    0
   0    0    0    0    0    0    0    0    0    0    0    0    0    0    0    0    0    0    0    0    0 2397 2384 2366 2341 2319 2293 2265 2240 2221 2204 2184 2173 2163 2157 2153 2151 2160 2168 2181 2199 2218 2237 2256 2269 2264 2230 2208 2194 2185 2191 2212 2236 2235 2202 2180 2161 2139 2118 2110 2105 2097 2091 2087 2071 2053 2044 2042 2041 2036 2022 2011 2023 2031 2034 2040    0    0    0    0    0
   0    0    0    0    0    0    0    0    0    0    0    0    0    0    0    0    0    0    0    0    0    0 2379 2363 2340 2316 2294 2263 2241 2220 2203 2185 2174 2165 2158 2156 2155 2162 2170 2185 2203 2222 2243 2263 2277 2276 2249 2224 2209 2200 2202 2220 2244 2242 2209 2188 2169 2149 2129 2121 2116 2109 2098 2090 2078 2063 2052 2055 2054 2051 2035 2024 2034 2049 2051 2057    0    0    0    0    0
   0    0    0    0    0    0    0    0    0    0    0    0    0    0    0    0    0    0    0    0    0    0    0 2360 2342 2317 2297 2264 2242 2222 2207 2188 2175 2166 2161 2158 2158 2164 2173 2188 2207 2227 2249 2272 2290 2286 2265 2239 2225 2216 2213 2228 2254 2248 2219 2199 2179 2160 2142 2136 2131 2121 2106 2094 2083 2071 2064 2066 2068 2067 2052 2036 2043 2055 2060 2064    0    0    0    0    0
   0    0    0    0    0    0    0    0    0    0    0    0    0    0    0    0    0    0    0    0    0    0    0    0    0    0    0    0    0 2220 2208 2191 2176 2167 2162 2159 2161 2167 2176 2191 2210 2231 2252 2277 2300 2299 2277 2252 2236 2228 2226 2237 2260 2253 2230 2214 2194 2173 2157 2151 2146 2135 2117 2101 2090 2080 2074 2079 2083 2082 2063 2047 2054 2061 2067 2069    0    0    0    0    0
   0    0    0    0    0    0    0    0    0    0    0    0    0    0    0    0    0    0    0    0    0    0    0    0    0    0    0    0    0    0    0 2193 2179 2168 2164 2162 2164 2169 2179 2192 2212 2233 2254 2278 2306 2312 2295 2266 2245 2238 2235 2243 2261 2258 2243 2226 2207 2189 2174 2168 2160 2148 2128 2112 2100 2091 2086 2089 2092 2091 2066 2059 2065 2073 2074 2075    0    0    0    0    0
   0    0    0    0    0    0    0    0    0    0    0    0    0    0    0    0    0    0    0    0    0    0    0    0    0    0    0    0    0    0    0    0 2181 2170 2166 2166 2165 2170 2180 2193 2213 2235 2256 2279 2307 2320 2309 2278 2258 2248 2245 2248 2263 2268 2256 2239 2220 2204 2193 2190 2180 2159 2139 2123 2113 2101 2098 2099 2094 2088 2072 2073 2075 2078 2079 2080    0    0    0    0    0
   0    0    0    0    0    0    0    0    0    0    0    0    0    0    0    0    0    0    0    0    0    0    0    0    0    0    0    0    0    0    0    0    0 2174 2169    0    0    0    0    0    0    0    0    0    0    0 2321 2297 2272 2260 2254 2255 2269 2276 2270 2253 2235 2217 2209 2210 2198 2175 2151 2135 2126 2115 2112 2104 2095 2085 2081 2084 2082 2083 2084 2085    0    0    0    0    0
   0    0    0    0    0    0    0    0    0    0    0    0    0    0    0    0    0    0    0    0    0    0    0    0    0    0    0    0    0    0    0    0    0    0    0    0    0    0    0    0    0    0    0    0    0    0 2330 2315 2292 2278 2267 2264 2275 2285 2284 2271 2254 2237 2227 2226 2212 2187 2166 2149 2136 2127 2121 2105 2096 2089 2091 2090 2089 2091 2094 2097    0    0    0    0    0
   0    0    0    0    0    0    0    0    0    0    0    0    0    0    0    0    0    0    0    0    0    0    0    0    0    0    0    0    0    0    0    0    0    0    0    0    0    0    0    0    0    0    0    0    0    0    0 2326 2314 2306 2286 2274 2280 2293 2300 2291 2277 2263 2249 2242 2227 2204 2181 2162 2148 2131 2117 2106 2099 2097 2099 2097 2096 2101 2106 2110    0    0    0    0    0
   0    0    0    0    0    0    0    0    0    0    0    0    0    0    0    0    0    0    0    0    0    0    0    0    0    0    0    0    0    0    0    0    0    0    0    0    0    0    0    0    0    0    0    0    0    0    0    0 2325 2321 2301 2283 2284 2296 2308 2309 2297 2284 2271 2261 2244 2220 2192 2170 2153 2132 2118 2109 2107 2106 2105 2104 2108 2113 2116 2117    0    0    0    0    0
   0    0    0    0    0    0    0    0    0    0    0    0    0    0    0    0    0    0    0    0    0    0    0    0    0    0    0    0    0    0    0    0    0    0    0    0    0    0    0    0    0    0    0    0    0    0    0    0    0 2331 2312 2296 2292 2302 2317 2323 2313 2301 2287 2272 2254 2229 2200 2172 2154 2134 2121 2113 2112 2113 2111 2113 2117 2121 2123 2124    0    0    0    0    0
   0    0    0    0    0    0    0    0    0    0    0    0    0    0    0    0    0    0    0    0    0    0    0    0    0    0    0    0    0    0    0    0    0    0    0    0    0    0    0    0    0    0    0    0    0    0    0    0    0 2333 2319 2305 2298 2306 2325 2335 2326 2314 2297 2276 2255 2232 2202 2169 2153 2135 2124 2119 2118 2123 2120 2120 2124 2129 2131 2132    0    0    0    0    0
   0    0    0    0    0    0    0    0    0    0    0    0    0    0    0    0    0    0    0    0    0    0    0    0    0    0    0    0    0    0    0    0    0    0    0    0    0    0    0    0    0    0    0    0    0    0    0    0    0    0 2322 2307 2301 2307 2323 2343 2336 2321 2299 2277 2256 2230 2201 2170 2154 2138 2132 2126 2125 2124 2122 2126 2131 2135 2140 2141    0    0    0    0    0
   0    0    0    0    0    0    0    0    0    0    0    0    0    0    0    0    0    0    0    0    0    0    0    0    0    0    0    0    0    0    0    0    0    0    0    0    0    0    0    0    0    0    0    0    0    0    0    0    0    0    0    0    0    0    0    0 2341 2323 2301 2279 2257 2228 2199 2172 2157 2148 2143 2135 2134 2130 2128 2129 2136 2142 2148 2149    0    0    0    0    0
   0    0    0    0    0    0    0    0    0    0    0    0    0    0    0    0    0    0    0    0    0    0    0    0    0    0    0    0    0    0    0    0    0    0    0    0    0    0    0    0    0    0    0    0    0    0    0    0    0    0    0    0    0    0    0    0 2347 2328 2305 2282 2256 2227 2201 2178 2164 2156 2147 2141 2136 2132 2131 2134 2139 2145 2151    0    0    0    0    0    0
   0    0    0    0    0    0    0    0    0    0    0    0    0    0    0    0    0    0    0    0    0    0    0    0    0    0    0    0    0    0    0    0    0    0    0    0    0    0    0    0    0    0    0    0    0    0    0    0    0    0    0    0    0    0    0    0    0 2338 2314 2287 2260 2234 2208    0    0    0    0    0    0    0    0    0    0    0 2155    0    0    0    0    0    0
   0    0    0    0    0    0    0    0    0    0    0    0    0    0    0    0    0    0    0    0    0    0    0    0    0    0    0    0    0    0    0    0    0    0    0    0    0    0    0    0    0    0    0    0    0    0    0    0    0    0    0    0    0    0    0    0    0    0 2323 2295 2267 2240    0    0    0    0    0    0    0    0    0    0    0    0    0    0    0    0    0    0    0
   0    0    0    0    0    0    0    0    0    0    0    0    0    0    0    0    0    0    0    0    0    0    0    0    0    0    0    0    0    0    0    0    0    0    0    0    0    0    0    0    0    0    0    0    0    0    0    0    0    0    0    0    0    0    0    0    0    0 2329 2305 2274    0    0    0    0    0    0    0    0    0    0    0    0    0    0    0    0    0    0    0    0
