1055  1055     0     0     0     0     0     0     0     0
1055  1045  1055     0     0  1050  1050  1060     0     0
   0  1050  1035  1030  1028  1026  1023  1040     0     0
1060  1050  1040  1035  1026  1030  1030  1020  1050     0
1060  1050  1035  1030  1028  1027  1027  1016  1025  1030
1055  1045  1030  1027  1023  1019  1020  1013  1035  1045
1055  1040  1025  1022  1020  1015  1015  1019  1040     0
   0  1030  1020  1018  1013  1010  1013  1017  1040     0
   0  1025  1015  1012  1008  1002  1005  1015  1040     0
   0  1020  1010  1005   996   996   994  1010  1038  1050
   0  1005  1000   995   991   992   990  1000  1025     0
 977   978   978   982   982   983   982   990  1010     0
 947   954   958   964   970   977   982   988  1000     0
   0   980   990   995  1000  1000  1000  1000   994     0
   0     0  1030  1030  1030  1030     0     0     0     0