  0.20E-02  0.20E-02  0.00      0.00      0.00      0.00      0.00      0.00      0.00      0.00     
  0.40E-03  0.20E-02  0.20E-02  0.00      0.00      0.40E-03  0.40E-03  0.40E-03  0.00      0.00     
  0.00      0.40E-03  0.20E-02  0.20E-02  0.40E-03  0.40E-03  0.40E-03  0.40E-03  0.00      0.00     
  0.40E-03  0.40E-03  0.40E-03  0.20E-02  0.20E-02  0.20E-02  0.40E-03  0.40E-03  0.40E-03  0.00     
  0.40E-03  0.40E-03  0.40E-03  0.20E-02  0.20E-02  0.20E-02  0.20E-02  0.20E-02  0.20E-02  0.20E-02
  0.40E-03  0.40E-03  0.40E-03  0.20E-02  0.20E-02  0.20E-02  0.20E-02  0.20E-02  0.40E-03  0.40E-03
  0.40E-03  0.40E-03  0.40E-03  0.20E-02  0.20E-02  0.20E-02  0.20E-02  0.20E-02  0.40E-03  0.00     
  0.00      0.40E-03  0.40E-03  0.20E-02  0.20E-02  0.20E-02  0.20E-02  0.40E-03  0.40E-03  0.00     
  0.00      0.40E-03  0.40E-03  0.20E-02  0.20E-02  0.20E-02  0.20E-02  0.40E-03  0.40E-03  0.00     
  0.00      0.40E-03  0.40E-03  0.20E-02  0.20E-02  0.20E-02  0.20E-02  0.40E-03  0.40E-03  0.40E-03
  0.00      0.40E-03  0.40E-03  0.20E-02  0.20E-02  0.20E-02  0.20E-02  0.40E-03  0.40E-03  0.00     
  0.40E-03  0.40E-03  0.20E-02  0.20E-02  0.20E-02  0.20E-02  0.20E-02  0.40E-03  0.40E-03  0.00
  0.20E-02  0.20E-02  0.20E-02  0.20E-02  0.20E-02  0.20E-02  0.20E-02  0.20E-02  0.20E-02  0.00
  0.00      0.40E-03  0.40E-03  0.40E-03  0.40E-03  0.40E-03  0.40E-03  0.40E-03  0.20E-02  0.00
  0.00      0.00      0.40E-03  0.40E-03  0.40E-03  0.40E-03  0.00      0.00      0.00      0.00     