 1092.870 1089.430 6999.000 6999.000 6999.000 6999.000 6999.000 6999.000 6999.000 6999.000
 1089.870 1086.730 1081.430 6999.000 6999.000 1072.260 1071.490 1071.070 6999.000 6999.000
 6999.000 1079.410 1077.500 1073.560 1072.500 1070.590 1069.100 1068.320 6999.000 6999.000
 1069.120 1070.660 1070.200 1067.050 1065.480 1063.650 1063.880 1065.910 1066.060 6999.000
 1064.950 1063.940 1062.940 1061.500 1060.830 1060.790 1060.230 1062.030 1065.680 1068.130
 1059.820 1058.310 1057.190 1056.430 1056.300 1056.940 1057.230 1059.110 1061.920 1065.580
 1056.080 1052.960 1051.740 1051.200 1051.270 1051.880 1053.220 1055.480 1056.490 6999.000
 6999.000 1046.300 1045.750 1045.550 1045.760 1046.460 1047.820 1049.850 1050.400 6999.000
 6999.000 1039.060 1039.130 1039.490 1040.040 1041.050 1041.640 1042.860 1044.050 6999.000
 6999.000 1031.090 1031.790 1033.260 1034.320 1035.440 1036.510 1037.620 1039.320 1041.590
 6999.000 1021.430 1023.100 1026.840 1028.700 1030.490 1032.090 1033.560 1035.710 6999.000
 1001.170 1009.240 1014.510 1019.620 1023.140 1026.180 1028.570 1030.370 1034.290 6999.000
 994.5300 999.9600 1006.660 1012.880 1018.700 1024.270 1029.090 1034.100 1036.130 6999.000
 6999.000 1004.010 1008.950 1013.700 1018.890 1024.030 1029.480 1035.090 1039.340 6999.000
 6999.000 6999.000 1011.920 1015.100 1019.130 1022.390 6999.000 6999.000 6999.000 6999.000