  0.20      0.20      0.00      0.00      0.00      0.00      0.00      0.00      0.00      0.00     
  0.10      0.20      0.20      0.00      0.00      0.10      0.10      0.10      0.00      0.00     
  0.00      0.10      0.20      0.20      0.10      0.10      0.10      0.10      0.00      0.00     
  0.10      0.10      0.10      0.20      0.20      0.20      0.10      0.10      0.10      0.00     
  0.10      0.10      0.10      0.20      0.20      0.20      0.20      0.20      0.20      0.20    
  0.10      0.10      0.10      0.20      0.20      0.20      0.20      0.20      0.10      0.10    
  0.10      0.10      0.10      0.20      0.20      0.20      0.20      0.20      0.10      0.00     
  0.00      0.10      0.10      0.20      0.20      0.20      0.20      0.10      0.10      0.00     
  0.00      0.10      0.10      0.20      0.20      0.20      0.20      0.10      0.10      0.00     
  0.00      0.10      0.10      0.20      0.20      0.20      0.20      0.10      0.10      0.10    
  0.00      0.10      0.10      0.20      0.20      0.20      0.20      0.10      0.10      0.00     
  0.10      0.10      0.20      0.20      0.20      0.20      0.20      0.10      0.10      0.00     
  0.20      0.20      0.20      0.20      0.20      0.20      0.20      0.20      0.20      0.00     
  0.00      0.10      0.10      0.10      0.10      0.10      0.10      0.10      0.20      0.00     
  0.00      0.00      0.10      0.10      0.10      0.10      0.00      0.00      0.00      0.00     
