 1105.000  1105.000     0.000     0.000     0.000     0.000     0.000     0.000     0.000     0.000 
 1105.000  1095.000  1105.000     0.000     0.000  1100.000  1100.000  1110.000     0.000     0.000 
    0.000  1100.000  1085.000  1080.000  1078.000  1076.000  1073.000  1090.000     0.000     0.000 
 1110.000  1100.000  1090.000  1085.000  1076.000  1080.000  1080.000  1070.000  1100.000     0.000 
 1110.000  1100.000  1085.000  1080.000  1078.000  1074.000  1077.000  1066.000  1075.000  1080.000 
 1105.000  1095.000  1080.000  1077.000  1073.000  1069.000  1070.000  1063.000  1085.000  1095.000 
 1105.000  1090.000  1075.000  1072.000  1070.000  1065.000  1065.000  1069.000  1090.000     0.000 
    0.000  1080.000  1070.000  1068.000  1063.000  1060.000  1063.000  1067.000  1090.000     0.000 
    0.000  1075.000  1065.000  1062.000  1058.000  1052.000  1055.000  1065.000  1090.000     0.000 
    0.000  1070.000  1060.000  1055.000  1046.000  1046.000  1044.000  1060.000  1088.000  1100.000 
    0.000  1055.000  1050.000  1045.000  1041.000  1042.000  1040.000  1050.000  1075.000     0.000 
 1027.000  1028.000  1028.000  1032.000  1032.000  1033.000  1032.000  1040.000  1060.000     0.000 
 997.0000  1004.000  1008.000  1014.000  1020.000  1027.000  1032.000  1038.000  1050.000     0.000 
    0.000  1030.000  1040.000  1045.000  1050.000  1050.000  1050.000  1050.000  1044.000     0.000 
    0.000     0.000  1080.000  1080.000  1080.000  1080.000     0.000     0.000     0.000     0.000 
