2.5e-10 1.0e-09 0.0e-10 0.0e-10 0.0e-10 0.0e-10 0.0e-10 0.0e-10 0.0e-10 0.0e-10
1.0e-09 2.5e-10 1.0e-09 0.0e-10 0.0e-10 4.0e-09 4.0e-09 4.0e-09 0.0e-10 0.0e-10
0.0e-10 1.0e-09 2.5e-10 1.0e-09 1.0e-09 2.5e-10 2.5e-10 2.5e-10 0.0e-10 0.0e-10
4.0e-09 2.5e-10 2.5e-10 2.5e-10 2.5e-10 2.5e-10 2.5e-10 2.5e-10 1.0e-09 0.0e-10
4.0e-09 2.5e-10 2.5e-10 2.5e-10 2.5e-10 2.5e-10 2.5e-10 2.5e-10 2.5e-10 2.5e-10
1.0e-09 2.5e-10 2.5e-10 2.5e-10 2.5e-10 2.5e-10 2.5e-10 2.5e-10 2.5e-10 1.0e-09
1.0e-09 2.5e-10 2.5e-10 2.5e-10 2.5e-10 2.5e-10 2.5e-10 2.5e-10 1.0e-09 0.0e-10
0.0e-10 1.0e-09 2.5e-10 2.5e-10 2.5e-10 2.5e-10 2.5e-10 2.5e-10 1.0e-09 0.0e-10
0.0e-10 1.0e-09 2.5e-10 2.5e-10 2.5e-10 2.5e-10 2.5e-10 2.5e-10 1.0e-09 0.0e-10
0.0e-10 1.0e-09 2.5e-10 2.5e-10 2.5e-10 2.5e-10 2.5e-10 2.5e-10 2.5e-10 4.0e-09
0.0e-10 1.0e-09 2.5e-10 2.5e-10 2.5e-10 2.5e-10 2.5e-10 2.5e-10 1.0e-09 0.0e-10
1.0e-09 2.5e-10 2.5e-10 2.5e-10 2.5e-10 2.5e-10 2.5e-10 2.5e-10 1.0e-09 0.0e-10
2.5e-10 2.5e-10 2.5e-10 2.5e-10 2.5e-10 2.5e-10 2.5e-10 2.5e-10 1.0e-09 0.0e-10
0.0e-10 2.5e-10 2.5e-10 2.5e-10 2.5e-10 2.5e-10 1.0e-09 1.0e-09 2.5e-10 0.0e-10
0.0e-10 0.0e-10 1.0e-09 1.0e-09 1.0e-09 1.0e-09 0.0e-10 0.0e-10 0.0e-10 0.0e-10
