    1.45190000E-04  1.41330000E-04  1.44300000E-04  1.10950000E-04  1.12700000E-04  1.18740000E-04  1.05340000E-04  1.14860000E-04  1.21460000E-04  1.04060000E-04  9.25000000E-05  9.53710000E-05  9.09730000E-05  1.16310000E-04  1.12300000E-04  1.06060000E-04  1.13800000E-04  1.14530000E-04  1.12090000E-04  1.10720000E-04
    1.48720000E-04  1.48010000E-04  1.04510000E-04  1.15830000E-04  1.05490000E-04  1.10860000E-04  1.05830000E-04  1.13130000E-04  1.19170000E-04  9.85680000E-05  9.19530000E-05  1.00800000E-04  9.23770000E-05  1.04900000E-04  1.19250000E-04  1.07570000E-04  8.16160000E-05  1.13890000E-04  1.17120000E-04  1.01780000E-04
    1.41160000E-04  1.59080000E-04  1.08900000E-04  1.12690000E-04  1.15550000E-04  1.10750000E-04  1.09410000E-04  1.15920000E-04  1.03820000E-04  8.94360000E-05  8.64460000E-05  8.75840000E-05  8.58770000E-05  1.19160000E-04  1.05320000E-04  1.13700000E-04  8.23230000E-05  1.06660000E-04  1.09960000E-04  9.95350000E-05
    1.07460000E-04  9.37620000E-05  1.15540000E-04  1.18430000E-04  1.12960000E-04  1.13670000E-04  1.07770000E-04  1.07830000E-04  1.10370000E-04  9.02740000E-05  8.53560000E-05  9.45020000E-05  9.34350000E-05  1.00820000E-04  9.85980000E-05  8.19400000E-05  8.50410000E-05  1.13480000E-04  1.06120000E-04  1.07600000E-04
    1.08010000E-04  9.59250000E-05  1.11010000E-04  1.13410000E-04  1.21720000E-04  1.11920000E-04  8.89690000E-05  9.16720000E-05  9.65380000E-05  8.81960000E-05  9.59080000E-05  9.57610000E-05  8.82830000E-05  1.09580000E-04  1.04900000E-04  7.69220000E-05  8.72970000E-05  1.00550000E-04  1.13790000E-04  1.00210000E-04
    1.10540000E-04  8.30950000E-05  9.85260000E-05  9.25570000E-05  8.14950000E-05  9.17770000E-05  8.79560000E-05  9.19690000E-05  9.43120000E-05  8.65120000E-05  8.79140000E-05  9.15300000E-05  9.46090000E-05  1.10360000E-04  9.89090000E-05  8.67970000E-05  9.43380000E-05  1.09640000E-04  1.08820000E-04  1.01230000E-04
    1.12990000E-04  9.22860000E-05  9.28510000E-05  8.16560000E-05  7.93730000E-05  8.93530000E-05  8.73650000E-05  8.72790000E-05  9.07890000E-05  9.26450000E-05  7.19840000E-05  8.09280000E-05  8.81450000E-05  8.79790000E-05  8.06730000E-05  9.44330000E-05  9.59420000E-05  8.93350000E-05  8.86230000E-05  1.14760000E-04
    1.09040000E-04  8.99340000E-05  9.42320000E-05  1.13610000E-04  1.09250000E-04  1.08730000E-04  1.12500000E-04  8.00110000E-05  8.69550000E-05  8.63950000E-05  6.74320000E-05  8.43880000E-05  9.72830000E-05  9.11350000E-05  9.16870000E-05  9.96090000E-05  8.10530000E-05  8.43000000E-05  9.77560000E-05  1.08350000E-04
    1.18250000E-04  8.36020000E-05  8.83910000E-05  1.17900000E-04       0.00000000       0.00000000       0.00000000  1.08160000E-04  9.02490000E-05  8.46780000E-05  6.43350000E-05  8.60460000E-05  8.61680000E-05  9.06320000E-05  9.11420000E-05  8.94460000E-05  8.43330000E-05  9.72600000E-05  9.06510000E-05  1.17320000E-04
    1.07940000E-04  9.48460000E-05  9.12300000E-05  1.08240000E-04       0.00000000       0.00000000       0.00000000       0.00000000  1.16180000E-04  8.46210000E-05  7.46790000E-05  8.48810000E-05  8.29170000E-05  8.70250000E-05  9.18940000E-05  9.34440000E-05  1.00410000E-04  8.88840000E-05  9.40050000E-05  1.14060000E-04
    1.16820000E-04  8.43250000E-05  8.42380000E-05  1.01430000E-04       0.00000000       0.00000000       0.00000000       0.00000000  1.04180000E-04  9.08420000E-05  6.08220000E-05  6.39440000E-05  6.90540000E-05  8.79670000E-05  9.21580000E-05  8.02900000E-05  9.31480000E-05  7.71200000E-05  9.28210000E-05  8.36490000E-05
    1.17200000E-04  9.55220000E-05  8.87070000E-05  1.00900000E-04       0.00000000       0.00000000       0.00000000       0.00000000  1.09040000E-04  9.00230000E-05  7.34920000E-05  7.54450000E-05  6.97030000E-05  8.05820000E-05  9.30260000E-05  6.24110000E-05  1.04410000E-04  8.16320000E-05  9.19620000E-05  1.03260000E-04
    1.07110000E-04  9.67560000E-05  8.61630000E-05  1.07250000E-04       0.00000000       0.00000000       0.00000000       0.00000000  1.10790000E-04  8.99710000E-05  6.11310000E-05  9.26240000E-05  8.34220000E-05  9.48590000E-05  9.13230000E-05  8.87790000E-05  8.48960000E-05  9.16980000E-05  8.08210000E-05  8.54840000E-05
    1.08500000E-04  8.77520000E-05  8.13620000E-05  1.18200000E-04       0.00000000       0.00000000       0.00000000       0.00000000  1.03790000E-04  8.76860000E-05  7.03530000E-05  6.89210000E-05  6.60200000E-05  9.14580000E-05  9.98290000E-05  7.85210000E-05  9.71060000E-05  8.69290000E-05  9.94660000E-05  8.69650000E-05
    1.10110000E-04  8.58070000E-05  8.71680000E-05  1.20590000E-04       0.00000000       0.00000000       0.00000000       0.00000000  8.86180000E-05  8.47500000E-05  5.61060000E-05  7.52220000E-05  7.16270000E-05  6.96350000E-05  6.96980000E-05  7.31900000E-05  7.00160000E-05  8.29690000E-05  8.89150000E-05  1.17880000E-04
    1.03360000E-04  9.19250000E-05  9.24680000E-05  1.05280000E-04       0.00000000       0.00000000       0.00000000       0.00000000  8.84150000E-05  6.72980000E-05  4.74620000E-05  6.57260000E-05  7.27860000E-05  6.99510000E-05  7.19390000E-05  6.78260000E-05  7.68750000E-05  9.45380000E-05  9.37030000E-05  1.05380000E-04
    1.15380000E-04  9.15260000E-05  9.16570000E-05  1.12290000E-04       0.00000000       0.00000000       0.00000000       0.00000000  8.05910000E-05  7.31640000E-05  4.86570000E-05  7.54070000E-05  7.15210000E-05  7.24920000E-05  6.72250000E-05  6.25680000E-05  6.53370000E-05  8.95700000E-05  9.03780000E-05  1.18460000E-04
    1.08900000E-04  8.38320000E-05  9.52910000E-05  1.03010000E-04       0.00000000       0.00000000       0.00000000       0.00000000  8.25490000E-05  7.73250000E-05  5.26250000E-05  5.68330000E-05  7.30470000E-05  7.18420000E-05  7.36940000E-05  7.67330000E-05  7.26830000E-05  8.57440000E-05  8.90750000E-05  1.12630000E-04
    1.09160000E-04  9.29710000E-05  9.47290000E-05  1.03870000E-04       0.00000000       0.00000000       0.00000000       0.00000000  8.15930000E-05  6.48890000E-05  5.45380000E-05  4.06290000E-05  5.97530000E-05  7.07130000E-05  7.54790000E-05  7.59600000E-05  6.79980000E-05  8.81010000E-05  1.00710000E-04  1.11440000E-04
    1.09710000E-04  9.21560000E-05  8.37830000E-05  1.11440000E-04       0.00000000       0.00000000       0.00000000       0.00000000  9.78460000E-05  7.42180000E-05  4.77710000E-05  4.49700000E-05  5.92390000E-05  7.01180000E-05  6.99390000E-05  7.59160000E-05  6.89270000E-05  8.78020000E-05  8.72250000E-05  1.11980000E-04
    1.15630000E-04  8.42800000E-05  9.13340000E-05  1.22050000E-04       0.00000000       0.00000000       0.00000000       0.00000000  8.97100000E-05  6.95350000E-05  4.99780000E-05  5.19910000E-05  3.82170000E-05  7.91270000E-05  6.99710000E-05  6.89210000E-05  6.72170000E-05  8.02830000E-05  8.28540000E-05  1.08930000E-04
    1.10670000E-04  9.07790000E-05  9.63270000E-05  1.16470000E-04       0.00000000       0.00000000  1.13130000E-04  1.10420000E-04  8.90890000E-05  7.11020000E-05  5.12400000E-05  4.12880000E-05  4.86770000E-05  6.88560000E-05  7.25030000E-05  6.60030000E-05  7.18110000E-05  9.43080000E-05  8.82010000E-05  1.03260000E-04
    1.06380000E-04  9.11230000E-05  8.28150000E-05  1.14940000E-04  1.09090000E-04       0.00000000  1.13410000E-04  8.39290000E-05  8.63670000E-05  6.73360000E-05  4.77950000E-05  4.51990000E-05  3.90060000E-05  7.66170000E-05  7.08010000E-05  7.36570000E-05  5.33900000E-05  7.76000000E-05  8.68020000E-05  1.09480000E-04
    1.13540000E-04  9.53610000E-05  8.72870000E-05  8.83950000E-05  1.02780000E-04  1.10000000E-04  9.73760000E-05  8.47170000E-05  9.91710000E-05  7.21170000E-05  5.06510000E-05  5.25200000E-05  4.69870000E-05  7.27960000E-05  7.43660000E-05  5.15770000E-05  7.55950000E-05  6.93590000E-05  9.51350000E-05  8.92460000E-05
    1.13240000E-04  9.20680000E-05  9.16960000E-05  9.26430000E-05  9.18470000E-05  9.09220000E-05  8.91630000E-05  8.31420000E-05  6.51720000E-05  7.73340000E-05  5.26800000E-05  5.14230000E-05  4.15630000E-05  6.73710000E-05  7.63830000E-05  4.76390000E-05  7.11040000E-05  7.58120000E-05  9.35400000E-05  9.40960000E-05
    1.14220000E-04  9.12480000E-05  9.59190000E-05  6.73560000E-05  9.11770000E-05  8.45140000E-05  8.92310000E-05  9.49620000E-05  6.94860000E-05  7.00170000E-05  4.81270000E-05  4.94740000E-05  4.76010000E-05  7.76460000E-05  7.54710000E-05  4.80050000E-05  7.72940000E-05  7.89780000E-05  9.44110000E-05  8.84480000E-05
    1.17500000E-04  8.37890000E-05  9.90900000E-05  9.16670000E-05  6.63950000E-05  8.74520000E-05  8.99070000E-05  6.50690000E-05  6.87460000E-05  5.21960000E-05  1.71880000E-05  5.35470000E-05  4.61300000E-05  4.90500000E-05  4.98520000E-05  4.51860000E-05  6.18800000E-05  6.26750000E-05  7.29810000E-05  9.49120000E-05
    1.01210000E-04  1.07490000E-04  8.38650000E-05  8.87320000E-05  9.23180000E-05  8.30380000E-05  6.10680000E-05  5.47710000E-05  6.89630000E-05  3.94930000E-05  3.99710000E-05  4.88270000E-05  5.05890000E-05  4.68330000E-05  4.89950000E-05  4.52980000E-05  5.22020000E-05  7.02800000E-05  7.18510000E-05  7.90580000E-05
    1.04790000E-04  1.10480000E-04  9.09290000E-05  9.04380000E-05  9.66870000E-05  7.35440000E-05  5.65580000E-05  1.32910000E-05  6.95690000E-05  6.10970000E-05  3.25180000E-05  5.44270000E-05  5.22430000E-05  4.28810000E-05  5.42750000E-05  2.69270000E-05  4.67760000E-05  4.85080000E-05  7.38630000E-05  7.70070000E-05
    1.02310000E-04  1.16650000E-04  9.74140000E-05  9.78180000E-05  9.99050000E-05  7.61180000E-05  1.59030000E-05  1.86320000E-05  1.56050000E-05  3.31120000E-05  2.49200000E-05  4.98260000E-05  5.44710000E-05  4.70160000E-05  5.07890000E-05  2.71860000E-05  3.75440000E-05  5.03230000E-05  5.17420000E-05  6.03670000E-05
    1.10810000E-04  8.52520000E-05  8.51590000E-05  9.21730000E-05  7.25640000E-05  3.92140000E-05  2.95880000E-05  1.96790000E-05  3.28710000E-05  2.47270000E-05  3.12760000E-05  4.83330000E-05  5.49990000E-05  5.00090000E-05  3.33520000E-05  1.61980000E-05  2.64680000E-05  2.09130000E-05  4.62820000E-05  4.82520000E-05
    1.09270000E-04  8.62210000E-05  8.70460000E-05  9.06130000E-05  9.61670000E-05  6.62960000E-05  8.71050000E-06  2.77100000E-05  2.86920000E-05  3.57900000E-05  2.66520000E-05  3.39060000E-05  5.48190000E-05  5.34270000E-05  1.83680000E-05  1.85810000E-05  2.44600000E-05  2.17430000E-05  5.18450000E-05  5.75600000E-05
         0.00000000  9.11680000E-05  8.83110000E-05  8.96620000E-05  8.81880000E-05  8.59930000E-05  6.89580000E-05  4.77570000E-05  4.01550000E-06  2.65350000E-05  2.46150000E-05  2.00880000E-05  1.84640000E-05  5.99780000E-05  5.03220000E-05  4.51900000E-05  2.58050000E-05  4.56990000E-05  4.77110000E-05  7.50000000E-05
         0.00000000       0.00000000  8.14200000E-05  8.95370000E-05  9.76290000E-05  6.55510000E-05  7.12940000E-05  5.27220000E-05  3.93880000E-05  3.81610000E-05  2.49060000E-05  2.53670000E-05  1.77400000E-05  5.11890000E-05  4.38410000E-05  5.09000000E-05  4.25750000E-05  5.73660000E-05  6.64530000E-05  9.04330000E-05
         0.00000000       0.00000000       0.00000000  6.61830000E-05  7.64460000E-05  6.46440000E-05  6.09720000E-05  7.73920000E-05  4.01530000E-05  2.63030000E-05  2.22060000E-05  1.43760000E-05  3.88170000E-05  4.57840000E-05  4.89040000E-05  5.39540000E-05  4.95590000E-05  4.64160000E-05  7.67440000E-05  8.85370000E-05
         0.00000000       0.00000000       0.00000000       0.00000000  7.44870000E-05  7.41670000E-05  7.12720000E-05  5.23670000E-05  4.88570000E-05  1.58870000E-05  2.54590000E-05  2.11320000E-05  2.69190000E-05  5.37460000E-05  4.96820000E-05  4.68210000E-05  4.71210000E-05  6.67390000E-05  1.01340000E-04       0.00000000
         0.00000000       0.00000000       0.00000000       0.00000000  8.72030000E-05  7.17440000E-05  6.47370000E-05  5.41360000E-05  5.13600000E-05  2.58840000E-05  2.62770000E-05  2.96990000E-05  2.03310000E-05  5.16530000E-05  4.09410000E-05  5.09520000E-05  7.43370000E-05  7.11200000E-05  8.80500000E-05       0.00000000
         0.00000000       0.00000000       0.00000000       0.00000000       0.00000000  7.44330000E-05  6.89800000E-05  4.78150000E-05  6.21810000E-05  1.59060000E-05  2.03910000E-05  2.71830000E-05  1.72660000E-05  2.08320000E-05  2.85460000E-05  5.45380000E-05  5.07470000E-05  6.30920000E-05       0.00000000       0.00000000
         0.00000000       0.00000000       0.00000000       0.00000000       0.00000000  6.87940000E-05  7.87530000E-05  6.53410000E-05  5.25810000E-05  2.33150000E-05  2.43920000E-05  2.92500000E-05  2.75250000E-05  1.79680000E-05  3.26610000E-05  4.24360000E-05  6.34250000E-05       0.00000000       0.00000000       0.00000000
         0.00000000       0.00000000       0.00000000       0.00000000       0.00000000  9.47510000E-05  5.31510000E-05  5.10870000E-05  2.63900000E-05  2.86250000E-05  2.38860000E-05  1.61000000E-05  1.78950000E-05  1.51880000E-05  4.61630000E-05       0.00000000       0.00000000       0.00000000       0.00000000       0.00000000
