0.3749999905E-05 
0.3749999905E-05 
0.3749999905E-05 
0.3749999905E-05 
0.3749999905E-05 
0.3749999905E-05 
0.3749999905E-05 
0.3749999905E-05 
0.3749999905E-05 
0.3749999905E-05 
0.3749999905E-05 
0.3749999905E-05 
0.3749999905E-05 
0.3749999905E-05 
0.3749999905E-05 
0.3749999905E-05 
0.3749999905E-05 
0.3749999905E-05 
0.3749999905E-05 
0.3749999905E-05 
0.3749999905E-05 
0.3749999905E-05 
0.3749999905E-05 
0.3749999905E-05 
0.3749999905E-05 
0.3749999905E-05 
0.3749999905E-05 
0.3749999905E-05 
0.3749999905E-05 
0.3749999905E-05 
0.3749999905E-05 
0.3749999905E-05 
0.3749999905E-05 
0.3749999905E-05 
0.3749999905E-05 
0.3749999905E-05 
0.3749999905E-05 
0.3749999905E-05 
0.3749999905E-05 
0.3749999905E-05 
0.3749999905E-05 
0.3749999905E-05 
0.3749999905E-05 
0.3749999905E-05 
0.3749999905E-05 
0.3749999905E-05 
0.3749999905E-05 
0.3749999905E-05 
0.3749999905E-05 
0.3749999905E-05 
0.3749999905E-05 
0.3749999905E-05 
0.3749999905E-05 
0.3749999905E-05 
0.3749999905E-05 
0.3749999905E-05 
0.3749999905E-05 
0.3749999905E-05 
0.3749999905E-05 
0.3749999905E-05 
0.3749999905E-05 
0.3749999905E-05 
0.3749999905E-05 
0.3749999905E-05 
0.3749999905E-05 
0.3749999905E-05 
0.3749999905E-05 
0.3749999905E-05 
0.3749999905E-05 
0.3749999905E-05 
0.3749999905E-05 
0.3749999905E-05 
0.3749999905E-05 
0.3749999905E-05 
0.3749999905E-05 
0.3749999905E-05 
0.3749999905E-05 
0.3749999905E-05 
0.3749999905E-05 
0.3749999905E-05 
0.3749999905E-05 
0.3749999905E-05 
0.3749999905E-05 
0.3749999905E-05 
0.3749999905E-05 
0.3749999905E-05 
0.3749999905E-05 
0.3749999905E-05 
0.3749999905E-05 
0.3749999905E-05 
0.3749999905E-05 
0.3749999905E-05 
0.3749999905E-05 
0.3749999905E-05 
0.3749999905E-05 
0.3749999905E-05 
0.3749999905E-05 
0.3749999905E-05 
0.3749999905E-05 
0.3749999905E-05 
0.3749999905E-05 
0.3749999905E-05 
0.3749999905E-05 
0.3749999905E-05 
0.3749999905E-05 
0.3749999905E-05 
0.3749999905E-05 
0.3749999905E-05 
0.3749999905E-05 
0.3749999905E-05 
0.3749999905E-05 
0.3749999905E-05 
0.3749999905E-05 
0.3749999905E-05 
0.3749999905E-05 
0.3749999905E-05 
0.3749999905E-05 
0.3749999905E-05 
0.3749999905E-05 
0.3749999905E-05 
0.3749999905E-05 
0.3749999905E-05 
0.3749999905E-05 
0.3749999905E-05 
0.3749999905E-05 
0.3749999905E-05 
0.3749999905E-05 
0.3749999905E-05 
0.3749999905E-05 
0.3749999905E-05 
0.3749999905E-05 
0.3749999905E-05 
0.3749999905E-05 
0.3749999905E-05 
0.3749999905E-05 
0.3749999905E-05 
0.3749999905E-05 
0.3749999905E-05 
0.3749999905E-05 
0.3749999905E-05 
0.3749999905E-05 
0.3749999905E-05 
0.3749999905E-05 
0.3749999905E-05 
0.3749999905E-05 
0.3749999905E-05 
0.3749999905E-05 
0.3749999905E-05 
0.3749999905E-05 
0.3749999905E-05 
0.3749999905E-05 
0.3749999905E-05 
0.3749999905E-05 
0.3749999905E-05 
0.3749999905E-05 
0.3749999905E-05 
0.3749999905E-05 
0.3749999905E-05 
0.3749999905E-05 
0.3749999905E-05 
0.3749999905E-05 
0.3749999905E-05 
0.3749999905E-05 
0.3749999905E-05 
0.3750000178E-04 
0.6250000297E-04 
0.8749999688E-04 
0.1124999981E-03 
0.1374999993E-03 
0.1625000004E-03 
0.1875000016E-03 
0.2125000028E-03 
0.2375000040E-03 
0.2624999906E-03 
0.2875000064E-03 
0.3124999930E-03 
0.6644999958E-03 
0.9396250243E-03 
0.1214375021E-02 
0.1488375012E-02 
0.1511999988E-02 
0.1534875017E-02 
0.1557374955E-02 
0.1579124946E-02 
0.1600124990E-02 
0.1620749943E-02 
0.1640624949E-02 
0.1659750007E-02 
0.1678125001E-02 
0.1695750048E-02 
0.1712625031E-02 
0.1728749950E-02 
0.1744125038E-02 
0.1758749946E-02 
0.1772625023E-02 
0.1785750035E-02 
0.1797750010E-02 
0.1809000038E-02 
0.1819500001E-02 
0.1828875043E-02 
0.1837500022E-02 
0.1845375053E-02 
0.1852125046E-02 
0.1858124975E-02 
0.1863374957E-02 
0.1867500017E-02 
0.1870500040E-02 
0.1873124973E-02 
0.1874250011E-02 
0.1874999958E-02 
0.1874250011E-02 
0.1873124973E-02 
0.1870500040E-02 
0.1867500017E-02 
0.1863374957E-02 
0.1858124975E-02 
0.1852125046E-02 
0.1845375053E-02 
0.1837500022E-02 
0.1828875043E-02 
0.1819500001E-02 
0.1809000038E-02 
0.1797750010E-02 
0.1785750035E-02 
0.1772625023E-02 
0.1758749946E-02 
0.1744125038E-02 
0.1728749950E-02 
0.1712625031E-02 
0.1695750048E-02 
0.1678125001E-02 
0.1659750007E-02 
0.1640624949E-02 
0.1620749943E-02 
0.1600124990E-02 
0.1579124946E-02 
0.1557374955E-02 
0.1534875017E-02 
0.1511999988E-02 
0.1488375012E-02 
0.1464374945E-02 
0.1439625048E-02 
0.1414499944E-02 
0.1388999983E-02 
0.1362749957E-02 
0.1336500049E-02 
0.1309499959E-02 
0.1282499987E-02 
0.1254749950E-02 
0.1227000030E-02 
0.1198875019E-02 
0.1170375035E-02 
0.1141875051E-02 
0.1112999977E-02 
0.1084125019E-02 
0.1054874971E-02 
0.1025625039E-02 
0.9960000170E-03 
0.9667500271E-03 
0.9374999790E-03 
0.9078750154E-03 
0.8786250255E-03 
0.8490000037E-03 
0.8197500138E-03 
0.7905000239E-03 
0.7616250077E-03 
0.7327499916E-03 
0.7042500074E-03 
0.6757500232E-03 
0.6476250128E-03 
0.6198749761E-03 
0.5921249976E-03 
0.5651250249E-03 
0.5381249939E-03 
0.5118750269E-03 
0.4856250016E-03 
0.4601250112E-03 
0.4349999945E-03 
0.4102500097E-03 
0.3862500016E-03 
0.3626249963E-03 
0.3397499968E-03 
0.3172500001E-03 
0.2955000091E-03 
0.2744999947E-03 
0.2538750123E-03 
0.2340000065E-03 
0.2148750063E-03 
0.1964999974E-03 
0.1788749942E-03 
0.1619999966E-03 
0.1458750048E-03 
0.1305000042E-03 
0.1158750019E-03 
0.1019999982E-03 
0.8887500007E-04 
0.7687500329E-04 
0.6562499766E-04 
0.5512500138E-04 
0.4574999912E-04 
0.3722479960E-04 
0.2945330016E-04 
0.2257800043E-04 
0.1660579983E-04 
0.1154219990E-04 
0.7392449788E-05 
0.4160679964E-05 
0.1849940054E-04 
0.4626000191E-05 
0.3375000006E-05 
0.1874999953E-05 
0.3750000133E-06 
0.3750000133E-06 
0.3750000133E-06 
0.3750000133E-06 
0.3750000133E-06 
0.3750000133E-06 
0.3750000133E-06 
0.3750000133E-06 
0.3750000133E-06 
0.3750000133E-06 
0.3750000133E-06 
0.3750000133E-06 
0.3750000133E-06 
0.3750000133E-06 
0.3750000133E-06 
0.3750000133E-06 
0.3750000133E-06 
0.3750000133E-06 
0.3750000133E-06 
0.3750000133E-06 
0.3750000133E-06 
0.3750000133E-06 
0.3750000133E-06 
0.3750000133E-06 
0.3750000133E-06 
0.3750000133E-06 
0.3750000133E-06 
0.3750000133E-06 
0.3750000133E-06 
0.3750000133E-06 
0.3750000133E-06 
0.3750000133E-06 
0.3750000133E-06 
0.3750000133E-06 
0.3750000133E-06 
0.3750000133E-06 
0.3750000133E-06 
0.3750000133E-06 
0.3750000133E-06 
0.3750000133E-06 
0.3750000133E-06 
0.3750000133E-06 
0.3750000133E-06 
0.3750000133E-06 
0.3750000133E-06 
0.3750000133E-06 
0.3750000133E-06 
0.3750000133E-06 
0.3750000133E-06 
0.3750000133E-06 
0.3750000133E-06 
0.3750000133E-06 
0.3750000133E-06 
0.3750000133E-06 
0.3750000133E-06 
0.3750000133E-06 
0.3750000133E-06 
0.3750000133E-06 
0.3750000133E-06 
0.3750000133E-06 
0.3750000133E-06 
0.3750000133E-06 
0.3750000133E-06 
0.3750000133E-06 
0.3750000133E-06 
0.3750000133E-06 
0.3750000133E-06 
0.3750000133E-06 
0.3750000133E-06 
0.3750000133E-06 
0.3750000133E-06 
0.3750000133E-06 
0.3750000133E-06 
0.3750000133E-06 
0.3750000133E-06 
0.3750000133E-06 
0.3750000133E-06 
0.3750000133E-06 
0.3750000133E-06 
0.3750000133E-06 
0.3750000133E-06 
0.3750000133E-06 
0.3750000133E-06 
0.3750000133E-06 
0.3750000133E-06 
0.3750000133E-06 
0.3750000133E-06 
0.3750000133E-06 